3.000000000000000062e-03 5.118852763047238812e+06
8.999999999999999320e-03 1.467341856334378012e+07
1.499999999999999771e-02 2.334959895607036725e+07
2.100000000000000130e-02 3.116893127618945763e+07
2.700000000000000316e-02 3.813409705771841854e+07
3.300000000000000155e-02 4.422863592116045207e+07
3.899999999999999994e-02 4.941485001854268461e+07
4.499999999999999833e-02 5.362920967576245964e+07
5.100000000000000366e-02 5.677365219750729203e+07
5.700000000000000899e-02 5.869901347642198950e+07
6.300000000000000044e-02 5.381331793038371205e+07
6.900000000000000577e-02 4.798473544229321927e+07
7.500000000000001110e-02 4.103679978034836799e+07
8.099999999999998868e-02 3.128846643803660944e+07
8.700000000000000788e-02 1.689439923640329018e+07
9.299999999999999933e-02 1.169917965777940489e+07
9.900000000000001854e-02 8.498244052354380488e+06
1.049999999999999961e-01 6.161187846111092716e+06
1.110000000000000014e-01 4.392532739226556383e+06
1.170000000000000068e-01 3.052393905758616980e+06
1.230000000000000260e-01 2.051760672448255820e+06
1.290000000000000036e-01 1.323984377833857201e+06
1.350000000000000089e-01 8.148436809168171603e+05
1.410000000000000142e-01 4.785831011325856089e+05
1.469999999999999918e-01 2.761632072026398964e+05
1.529999999999999971e-01 1.743727366149067238e+05
1.590000000000000024e-01 1.452653140184917720e+05
1.650000000000000078e-01 1.656998663212062675e+05
1.710000000000000131e-01 2.168990346277805802e+05
1.769999999999999907e-01 2.839998950091665029e+05
1.830000000000000238e-01 3.555971357551342226e+05
1.890000000000000291e-01 4.232883693365671788e+05
1.950000000000000067e-01 4.812330349194573355e+05
2.010000000000000120e-01 5.257347184605950024e+05
2.070000000000000173e-01 5.548539275981732644e+05
2.130000000000000226e-01 5.680555315877710236e+05
2.190000000000000002e-01 5.658927097097546794e+05
2.250000000000000056e-01 5.497275030661287019e+05
2.309999999999999831e-01 5.214869108038439881e+05
2.370000000000000440e-01 4.834528090690529207e+05
2.430000000000000215e-01 4.380836669863407151e+05
2.489999999999999714e-01 3.878659617379917763e+05
2.550000000000000600e-01 3.351932444208313827e+05
2.610000000000000098e-01 2.822708980041153845e+05
2.670000000000000151e-01 2.310446989433256676e+05
2.730000000000000204e-01 1.831513149371204781e+05
2.789999999999999702e-01 1.398888293729335128e+05
2.850000000000000311e-01 1.022052862170093867e+05
2.910000000000000364e-01 7.070311378728263662e+04
2.969999999999999862e-01 4.565713885993355507e+04
3.030000000000000471e-01 2.704377056219742008e+04
3.089999999999999969e-01 1.457884344205529851e+04
3.150000000000000022e-01 7.761581644495585351e+03
3.210000000000000631e-01 5.922194593579330103e+03
3.270000000000000129e-01 8.270744517971352252e+03
3.330000000000000182e-01 1.394513363062109784e+04
3.390000000000000235e-01 2.205633361180620341e+04
3.450000000000000289e-01 3.172930595319544227e+04
3.510000000000000342e-01 4.213841956569036847e+04
3.570000000000000395e-01 5.253654178473013599e+04
3.629999999999999893e-01 6.227734131427288958e+04
3.690000000000000502e-01 7.083068041172125959e+04
3.750000000000000000e-01 7.779127569556815433e+04
3.810000000000000053e-01 8.288106354923848994e+04
3.870000000000000662e-01 8.594591189838752325e+04
3.930000000000000160e-01 8.694747376181256550e+04
3.989999999999999658e-01 8.595108036982978228e+04
4.050000000000000266e-01 8.311062614729379129e+04
4.110000000000000320e-01 7.865140902576902590e+04
4.170000000000000373e-01 7.285186281690296892e+04
4.230000000000000426e-01 6.602505947725329315e+04
4.289999999999999925e-01 5.850077391179482947e+04
4.349999999999999978e-01 5.060879817332688981e+04
4.410000000000000586e-01 4.266407118655746308e+04
4.470000000000000084e-01 3.495405975553719327e+04
4.529999999999999583e-01 2.772869189608949819e+04
4.590000000000000191e-01 2.119300939220496002e+04
4.650000000000000799e-01 1.550257771131843947e+04
4.709999999999999742e-01 1.076157225714530432e+04
4.770000000000000351e-01 7.023354438280623981e+03
4.830000000000000959e-01 4.293262205635743157e+03
4.889999999999999347e-01 2.533270156069759651e+03
4.949999999999999956e-01 1.668125477118175922e+03
5.010000000000001119e-01 1.592538492305410500e+03
5.070000000000000062e-01 2.178999966926976413e+03
5.130000000000000115e-01 3.285810279734397682e+03
5.190000000000000169e-01 4.764935884857591191e+03
5.250000000000000222e-01 6.469353342010324923e+03
5.310000000000000275e-01 8.259597265358410368e+03
5.370000000000000329e-01 1.000929224574617729e+04
5.430000000000000382e-01 1.160951652296956672e+04
5.490000000000000435e-01 1.297191343028960728e+04
5.550000000000000488e-01 1.403053220525504003e+04
5.610000000000000542e-01 1.474243993805477839e+04
5.669999999999999485e-01 1.508719895208813796e+04
5.730000000000000648e-01 1.506534713632508101e+04
5.789999999999999591e-01 1.469605159215584172e+04
5.849999999999999645e-01 1.401412791281075260e+04
5.910000000000000808e-01 1.306662849470596666e+04
5.970000000000000862e-01 1.190920398892390767e+04
6.029999999999999805e-01 1.060243322878623621e+04
6.089999999999999858e-01 9.208299961775335760e+03
6.150000000000001021e-01 7.786970940795939896e+03
6.209999999999999964e-01 6.394001066004932909e+03
6.270000000000000018e-01 5.078059053445074824e+03
6.330000000000001181e-01 3.879233305973356437e+03
6.390000000000000124e-01 2.827943983243377261e+03
6.450000000000000178e-01 1.944455268628481235e+03
6.510000000000001341e-01 1.238952902161324573e+03
6.570000000000000284e-01 7.121273144285803482e+02
6.630000000000000338e-01 3.561830172261737744e+02
6.690000000000000391e-01 1.561808311083645719e+02
6.750000000000000444e-01 9.161130127327454886e+01
6.810000000000000497e-01 1.380952058411857877e+02
6.870000000000000551e-01 2.691100567635979246e+02
6.930000000000000604e-01 4.576493466777812387e+02
6.989999999999999547e-01 6.777332225277832549e+02
7.050000000000000711e-01 9.057043420792560937e+02
7.110000000000000764e-01 1.121259880204311457e+03
7.169999999999999707e-01 1.308188951658789392e+03
7.230000000000000870e-01 1.454803091910785497e+03
7.289999999999999813e-01 1.554064939207153202e+03
7.349999999999999867e-01 1.603436063949020536e+03
7.410000000000001030e-01 1.604478314122305164e+03
7.470000000000001084e-01 1.562253578576067412e+03
7.530000000000000027e-01 1.484574187973563312e+03
7.590000000000000080e-01 1.381160136122510949e+03
7.650000000000001243e-01 1.262759952627250868e+03
7.710000000000000187e-01 1.140289596979877615e+03
7.770000000000000240e-01 1.024038524371598442e+03
7.830000000000001403e-01 9.229845621476217730e+02
7.889999999999999236e-01 8.442499861902618932e+02
7.950000000000000400e-01 7.927208076564326120e+02
8.010000000000000453e-01 7.708403977732243675e+02
8.070000000000000506e-01 7.785778078258514370e+02
8.130000000000000560e-01 8.135610524200594682e+02
8.190000000000000613e-01 8.713567172526977629e+02
8.250000000000000666e-01 9.458699359021442206e+02
8.310000000000000719e-01 1.029833353800980376e+03
8.370000000000000773e-01 1.115350343560607143e+03
8.430000000000000826e-01 1.194456517059746830e+03
8.489999999999999769e-01 1.259664439727917397e+03
8.550000000000000933e-01 1.304459230339750775e+03
8.609999999999999876e-01 1.323717167877296333e+03
8.669999999999999929e-01 1.314025196697783258e+03
8.730000000000001092e-01 1.273885938206429046e+03
8.790000000000000036e-01 1.203800068437261189e+03
8.850000000000000089e-01 1.106225285854237200e+03
8.910000000000000142e-01 9.854181677077446011e+02
8.970000000000001306e-01 8.471716270661744375e+02
9.030000000000001359e-01 6.984661203652689210e+02
9.090000000000000302e-01 5.470569679870715163e+02
9.149999999999999245e-01 4.010229645023048874e+02
9.210000000000001519e-01 2.683027807069539676e+02
9.270000000000000462e-01 1.562454873617322733e+02
9.329999999999999405e-01 7.119993129704762680e+01
9.390000000000001679e-01 1.816481158644470284e+01
9.450000000000000622e-01 5.173408772616053808e-01
9.509999999999999565e-01 1.983358756017998559e+01
9.570000000000001839e-01 7.580826441941454163e+01
9.630000000000000782e-01 1.662761615192576130e+02
9.689999999999998614e-01 2.873319195033988649e+02
9.750000000000001998e-01 4.335396920256770272e+02
9.809999999999999831e-01 5.982197120676678423e+02
9.869999999999998774e-01 7.737950729318755521e+02
9.930000000000001048e-01 9.521793255798312430e+02
9.989999999999999991e-01 1.125183887335230793e+03
1.005000000000000115e+00 1.284923797252118447e+03
1.011000000000000121e+00 1.424201025508564726e+03
1.017000000000000126e+00 1.536846272992638205e+03
1.023000000000000131e+00 1.618002857231910184e+03
1.029000000000000137e+00 1.664339701932801063e+03
1.034999999999999920e+00 1.674184427480480736e+03
1.041000000000000147e+00 1.647571854688691246e+03
1.047000000000000153e+00 1.586207651816086582e+03
1.052999999999999936e+00 1.493351145780496608e+03
1.059000000000000163e+00 1.373625268507768624e+03
1.065000000000000169e+00 1.232765029422411999e+03
1.070999999999999952e+00 1.077318639775540078e+03
1.076999999999999957e+00 9.143173491895763618e+02
1.083000000000000185e+00 7.509311189321776965e+02
1.088999999999999968e+00 5.941274267633224326e+02
1.094999999999999973e+00 4.503497962067119715e+02
1.101000000000000201e+00 3.252311353394892421e+02
1.106999999999999984e+00 2.233547592965409194e+02
1.112999999999999989e+00 1.480731930471199007e+02
1.119000000000000217e+00 1.013916653951470721e+02
1.125000000000000000e+00 8.391978603753210564e+01
1.131000000000000005e+00 9.489142417926362327e+01
1.137000000000000011e+00 1.322494561377607738e+02
1.143000000000000016e+00 1.927889835064115687e+02
1.149000000000000021e+00 2.723499862227864696e+02
1.155000000000000027e+00 3.660482823474225142e+02
1.161000000000000032e+00 4.685322030347026612e+02
1.167000000000000259e+00 5.742516065145069888e+02
1.173000000000000043e+00 6.777257627466581198e+02
1.179000000000000048e+00 7.737972181591852632e+02
1.185000000000000275e+00 8.578599436926108410e+02
1.191000000000000059e+00 9.260517943713015256e+02
1.196999999999999842e+00 9.754034591208984466e+02
1.203000000000000291e+00 1.003938529695401712e+03
1.209000000000000075e+00 1.010721934397210362e+03
1.214999999999999858e+00 9.958566274310586550e+02
1.221000000000000307e+00 9.604309655157169345e+02
1.227000000000000091e+00 9.064215169632453808e+02
1.232999999999999874e+00 8.365580287255385201e+02
1.239000000000000101e+00 7.541588388309357924e+02
1.245000000000000107e+00 6.629461045077662220e+02
1.250999999999999890e+00 5.668507862536489483e+02
1.257000000000000117e+00 4.698173783133794359e+02
1.263000000000000123e+00 3.756179259823718439e+02
1.268999999999999906e+00 2.876839644355324594e+02
1.275000000000000133e+00 2.089637169186072185e+02
1.281000000000000139e+00 1.418102851836793832e+02
1.286999999999999922e+00 8.790474597101123777e+01
1.293000000000000149e+00 4.821613575500454374e+01
1.298999999999999932e+00 2.299836460718546860e+01
1.304999999999999938e+00 1.182224793225960902e+01
1.311000000000000165e+00 1.363917203299329728e+01
1.316999999999999948e+00 2.687149330260369240e+01
1.323000000000000176e+00 4.952367186455524006e+01
1.329000000000000181e+00 7.930740055262143073e+01
1.334999999999999964e+00 1.137736306924281138e+02
1.341000000000000192e+00 1.504444181881663098e+02
1.347000000000000197e+00 1.869378980907881100e+02
1.352999999999999980e+00 2.210804064323923512e+02
1.358999999999999986e+00 2.510007526218512623e+02
1.365000000000000213e+00 2.752028401477225543e+02
1.370999999999999996e+00 2.926141657132615705e+02
1.377000000000000002e+00 3.026091211899297377e+02
1.383000000000000229e+00 3.050074030351738656e+02
1.389000000000000012e+00 3.000491282693423614e+02
1.395000000000000018e+00 2.883494006354586645e+02
1.401000000000000245e+00 2.708360117933141282e+02
1.407000000000000028e+00 2.486746599994695828e+02
1.413000000000000034e+00 2.231864969964643137e+02
1.419000000000000039e+00 1.957629625371472457e+02
1.425000000000000044e+00 1.677827400405992648e+02
1.431000000000000050e+00 1.405352858126576052e+02
1.437000000000000055e+00 1.151547801775968907e+02
1.443000000000000060e+00 9.256756460064120517e+01
1.449000000000000066e+00 7.345521500711387830e+01
1.455000000000000071e+00 5.823441354523379943e+01
1.461000000000000076e+00 4.705377610031922586e+01
1.467000000000000304e+00 3.980682676628395456e+01
1.473000000000000087e+00 3.615943447571667946e+01
1.478999999999999870e+00 3.558928550943766567e+01
1.485000000000000320e+00 3.743439391176401898e+01
1.491000000000000103e+00 4.094727450929783430e+01
1.496999999999999886e+00 4.535123329679865378e+01
1.503000000000000336e+00 4.989526851584496825e+01
1.509000000000000119e+00 5.390431244563649216e+01
1.514999999999999902e+00 5.682195782927307448e+01
1.521000000000000130e+00 5.824337408223310319e+01
1.527000000000000135e+00 5.793678998581017936e+01
1.532999999999999918e+00 5.585265970016472181e+01
1.539000000000000146e+00 5.212039352561516381e+01
1.545000000000000151e+00 4.703327992338083874e+01
1.550999999999999934e+00 4.102290945448625337e+01
1.557000000000000162e+00 3.462499780696585105e+01
1.563000000000000167e+00 2.843896384898685525e+01
1.568999999999999950e+00 2.308392759672119610e+01
1.575000000000000178e+00 1.915393902912125412e+01
1.580999999999999961e+00 1.717522818811580976e+01
1.586999999999999966e+00 1.756808569484600469e+01
1.593000000000000194e+00 2.061565520053149214e+01
1.598999999999999977e+00 2.644146761466275919e+01
1.604999999999999982e+00 3.499699977217760960e+01
1.611000000000000210e+00 4.605993062587705111e+01
1.616999999999999993e+00 5.924313183310744790e+01
1.623000000000000220e+00 7.401380310278858587e+01
1.629000000000000226e+00 8.972158081804724361e+01
1.635000000000000009e+00 1.056339429406147161e+02
1.641000000000000014e+00 1.209768307333860520e+02
1.647000000000000242e+00 1.349781289008363956e+02
1.653000000000000025e+00 1.469115035265538722e+02
1.659000000000000030e+00 1.561380970954790257e+02
1.665000000000000258e+00 1.621437194455175472e+02
1.671000000000000041e+00 1.645694425826435747e+02
1.677000000000000046e+00 1.632338889311065486e+02
1.683000000000000274e+00 1.581459740069046518e+02
1.689000000000000057e+00 1.495073984485933920e+02
1.695000000000000062e+00 1.377047506968633570e+02
1.701000000000000068e+00 1.232916490814754411e+02
1.707000000000000073e+00 1.069618898289584905e+02
1.713000000000000078e+00 8.951504695359992070e+01
1.719000000000000083e+00 7.181636610507487717e+01
1.725000000000000089e+00 5.475308720802544826e+01
1.731000000000000094e+00 3.918950593157450868e+01
1.737000000000000099e+00 2.592313407441696427e+01
1.743000000000000105e+00 1.564424299477069802e+01
1.749000000000000110e+00 8.900878189351267622e+00
1.755000000000000115e+00 6.071129179886129990e+00
1.760999999999999899e+00 7.344044732598284497e+00
1.767000000000000348e+00 1.271012125191353803e+01
1.773000000000000131e+00 2.196178733253634618e+01
1.778999999999999915e+00 3.470378709483844659e+01
1.785000000000000364e+00 5.037285658420069723e+01
1.791000000000000147e+00 6.826561754245128100e+01
1.796999999999999931e+00 8.757320519394092173e+01
1.803000000000000158e+00 1.074208214790275093e+02
1.809000000000000163e+00 1.269101779719831455e+02
1.814999999999999947e+00 1.451626735865881130e+02
1.821000000000000174e+00 1.613611454398680678e+02
1.827000000000000179e+00 1.747881352388289429e+02
1.832999999999999963e+00 1.848588208518954730e+02
1.839000000000000190e+00 1.911470608615313154e+02
1.845000000000000195e+00 1.934033716727659566e+02
1.850999999999999979e+00 1.915640817989490756e+02
1.857000000000000206e+00 1.857513633187734001e+02
1.862999999999999989e+00 1.762643023354416130e+02
1.868999999999999995e+00 1.635616147721490563e+02
1.875000000000000222e+00 1.482370186611969984e+02
1.881000000000000005e+00 1.309886194200641683e+02
1.887000000000000011e+00 1.125839340880693840e+02
1.893000000000000238e+00 9.382236209884287348e+01
1.899000000000000021e+00 7.549699657997770430e+01
1.905000000000000027e+00 5.835765919366910737e+01
1.911000000000000254e+00 4.307693600576167370e+01
1.917000000000000037e+00 3.022079936749830509e+01
1.923000000000000043e+00 2.022513327875693179e+01
1.929000000000000270e+00 1.337915257189615481e+01
1.935000000000000053e+00 9.816337683052323015e+00
1.940999999999999837e+00 9.513116559459607657e+00
1.947000000000000286e+00 1.229513381275771167e+01
1.953000000000000069e+00 1.785057452400884159e+01
1.958999999999999853e+00 2.574967461202585284e+01
1.965000000000000080e+00 3.546926747286594406e+01
1.971000000000000085e+00 4.642100058703704946e+01
1.976999999999999869e+00 5.798171513062967364e+01
1.983000000000000096e+00 6.952442134076400748e+01
1.989000000000000101e+00 8.044832321147868015e+01
1.994999999999999885e+00 9.020644460145857124e+01
2.001000000000000334e+00 9.832957763608584401e+01
2.007000000000000561e+00 1.044455026101757085e+02
2.012999999999999901e+00 1.082927029337525227e+02
2.019000000000000128e+00 1.097281034535497213e+02
2.025000000000000355e+00 1.087286791209782280e+02
2.030999999999999694e+00 1.053870966172640067e+02
2.037000000000000366e+00 9.990184797931617311e+01
2.043000000000000593e+00 9.256259782721119223e+01
2.048999999999999932e+00 8.373168199016708968e+01
2.055000000000000160e+00 7.382285547486385724e+01
2.061000000000000387e+00 6.327848539866560884e+01
2.066999999999999726e+00 5.254641670117256780e+01
2.072999999999999954e+00 4.205770572964821952e+01
2.079000000000000625e+00 3.220632307158641794e+01
2.084999999999999964e+00 2.333177929461226796e+01
2.091000000000000192e+00 1.570543520538087812e+01
2.097000000000000419e+00 9.521033457621653540e+00
2.102999999999999758e+00 4.889743910560585327e+00
2.108999999999999986e+00 1.839764630757114716e+00
2.115000000000000213e+00 3.202774002166741685e-01
2.120999999999999996e+00 2.093337054951920351e-01
2.127000000000000224e+00 1.325055625358239064e+00
2.133000000000000451e+00 3.439384972878086533e+00
2.138999999999999790e+00 6.293510160712178170e+00
2.145000000000000018e+00 9.614047484058771076e+00
2.151000000000000245e+00 1.312905291182219436e+01
2.157000000000000028e+00 1.658299024664953691e+01
2.163000000000000256e+00 1.974987719500742855e+01
2.169000000000000483e+00 2.244396567457615177e+01
2.174999999999999822e+00 2.452747784398255959e+01
2.181000000000000050e+00 2.591510478152854802e+01
2.187000000000000277e+00 2.657516955499816191e+01
2.193000000000000060e+00 2.652754954862204784e+01
2.199000000000000288e+00 2.583863369823211187e+01
2.205000000000000515e+00 2.461374908888316426e+01
2.210999999999999854e+00 2.298762004520423829e+01
2.217000000000000082e+00 2.111351514923327599e+01
2.223000000000000309e+00 1.915178950293952198e+01
2.228999999999999648e+00 1.725853932214583963e+01
2.234999999999999876e+00 1.557505429192129220e+01
2.241000000000000547e+00 1.421868301841383619e+01
2.246999999999999886e+00 1.327562341332001772e+01
2.253000000000000114e+00 1.279601972706478286e+01
2.259000000000000341e+00 1.279159929468859147e+01
2.264999999999999680e+00 1.323592380214694231e+01
2.270999999999999908e+00 1.406717127158253966e+01
2.277000000000000135e+00 1.519321505330779409e+01
2.282999999999999918e+00 1.649863325443939743e+01
2.289000000000000146e+00 1.785317344236034387e+01
2.295000000000000373e+00 1.912111882595446133e+01
2.300999999999999712e+00 2.017095732685819698e+01
2.306999999999999940e+00 2.088474591377558909e+01
2.313000000000000167e+00 2.116658914028390726e+01
2.319000000000000394e+00 2.094971086096409962e+01
2.325000000000000178e+00 2.020168761509555821e+01
2.331000000000000405e+00 1.892752559088240005e+01
2.337000000000000188e+00 1.717039359775557017e+01
2.342999999999999972e+00 1.500996440819182354e+01
2.349000000000000199e+00 1.255845811416166136e+01
2.354999999999999982e+00 9.954615739737173286e+00
2.361000000000000210e+00 7.355951728386981969e+00
2.367000000000000437e+00 4.929733438494717568e+00
2.373000000000000220e+00 2.843209045210303820e+00
2.379000000000000004e+00 1.253648410647511868e+00
2.385000000000000231e+00 2.987724053299237736e-01
2.391000000000000014e+00 8.812453476311647715e-02
2.397000000000000242e+00 6.958860175678183158e-01
2.403000000000000469e+00 2.155554879623024167e+00
2.409000000000000252e+00 4.456805852424569281e+00
2.415000000000000036e+00 7.544726816506283740e+00
2.421000000000000263e+00 1.132149601794055194e+01
2.427000000000000046e+00 1.565042961490095585e+01
2.432999999999999829e+00 2.036219869596751053e+01
2.439000000000000057e+00 2.526289585334913568e+01
2.445000000000000284e+00 3.014353011442269192e+01
2.451000000000000068e+00 3.479045092341676337e+01
2.457000000000000295e+00 3.899615100091596531e+01
2.463000000000000078e+00 4.256987687340991044e+01
2.468999999999999861e+00 4.534748558375466843e+01
2.475000000000000089e+00 4.720002584665126477e+01
2.481000000000000316e+00 4.804058936215606224e+01
2.487000000000000099e+00 4.782906934983329705e+01
2.493000000000000327e+00 4.657457357332018688e+01
2.499000000000000110e+00 4.433536219691572455e+01
2.504999999999999893e+00 4.121631012335335242e+01
2.511000000000000121e+00 3.736402211961345188e+01
2.516999999999999904e+00 3.295985025764073839e+01
2.523000000000000131e+00 2.821117065590821227e+01
2.529000000000000359e+00 2.334136468215494631e+01
2.535000000000000142e+00 1.857901421301704659e+01
2.540999999999999925e+00 1.414685808501325504e+01
2.547000000000000153e+00 1.025106582336881900e+01
2.552999999999999936e+00 7.071364903691052639e+00
2.559000000000000163e+00 4.752510524144849313e+00
2.565000000000000391e+00 3.397514887383242588e+00
2.571000000000000174e+00 3.062960322187850082e+00
2.576999999999999957e+00 3.756612247452686848e+00
2.583000000000000185e+00 5.437429786515663110e+00
2.588999999999999968e+00 8.017950004006742404e+00
2.594999999999999751e+00 1.136890258728081804e+01
2.601000000000000423e+00 1.532580143802947426e+01
2.607000000000000206e+00 1.969716363111171020e+01
2.612999999999999989e+00 2.427392927296425995e+01
2.619000000000000217e+00 2.883960162161433516e+01
2.625000000000000444e+00 3.318059785691376362e+01
2.630999999999999783e+00 3.709629819674261597e+01
2.637000000000000011e+00 4.040830437174915346e+01
2.643000000000000682e+00 4.296846616637907346e+01
2.649000000000000021e+00 4.466530394886781608e+01
2.655000000000000249e+00 4.542854193712803834e+01
2.661000000000000476e+00 4.523156660874921187e+01
2.666999999999999815e+00 4.409173183643183336e+01
2.673000000000000043e+00 4.206854137791481207e+01
2.679000000000000270e+00 3.925984466157113673e+01
2.685000000000000053e+00 3.579627806494860209e+01
2.691000000000000281e+00 3.183426633981067155e+01
2.697000000000000508e+00 2.754796355720865719e+01
2.702999999999999847e+00 2.312055699032796952e+01
2.709000000000000075e+00 1.873537891158754576e+01
2.715000000000000302e+00 1.456726974295102650e+01
2.721000000000000085e+00 1.077461197328711862e+01
2.727000000000000313e+00 7.492409487622126996e+00
2.733000000000000540e+00 4.826724233217565718e+00
2.738999999999999879e+00 2.850705141731391556e+00
2.745000000000000107e+00 1.602357237938732748e+00
2.751000000000000334e+00 1.084106646038759392e+00
2.756999999999999673e+00 1.264124637186229805e+00
2.763000000000000345e+00 2.079285757177737892e+00
2.769000000000000572e+00 3.439555872733138564e+00
2.774999999999999911e+00 5.233539561254422878e+00
2.781000000000000139e+00 7.334865751527025246e+00
2.787000000000000366e+00 9.609058104508669373e+00
2.792999999999999705e+00 1.192052350015794104e+01
2.798999999999999932e+00 1.413929832178540380e+01
2.805000000000000604e+00 1.614721712565735956e+01
2.810999999999999943e+00 1.784320992082218638e+01
2.817000000000000171e+00 1.914748999283873943e+01
2.823000000000000398e+00 2.000446064000569635e+01
2.828999999999999737e+00 2.038424253073561232e+01
2.834999999999999964e+00 2.028279954278234243e+01
2.841000000000000192e+00 1.972071578278474746e+01
2.846999999999999975e+00 1.874074605274594774e+01
2.853000000000000203e+00 1.740432277218256019e+01
2.859000000000000430e+00 1.578725128125590338e+01
2.864999999999999769e+00 1.397486026667785630e+01
2.870999999999999996e+00 1.205689330748512411e+01
2.877000000000000224e+00 1.012243065366154759e+01
2.883000000000000007e+00 8.255117634038439789e+00
2.889000000000000234e+00 6.528948700043548214e+00
2.895000000000000462e+00 5.004815973378885730e+00
2.900999999999999801e+00 3.727980847484912541e+00
2.907000000000000028e+00 2.726569749939797394e+00
2.913000000000000256e+00 2.011133976382454058e+00
2.919000000000000039e+00 1.575252040875912973e+00
2.925000000000000266e+00 1.397094666365848559e+00
2.931000000000000494e+00 1.441820517596394069e+00
2.937000000000000277e+00 1.664627784604767680e+00
2.943000000000000060e+00 2.014254920388364845e+00
2.949000000000000288e+00 2.436704711438879567e+00
2.955000000000000071e+00 2.878960164298520308e+00
2.961000000000000298e+00 3.292468410299783432e+00
2.967000000000000526e+00 3.636189201344140365e+00
2.973000000000000309e+00 3.879036138614351703e+00
2.979000000000000092e+00 4.001579495591187197e+00
2.985000000000000320e+00 3.996926847782895198e+00
2.991000000000000103e+00 3.870748865778812053e+00
2.996999999999999886e+00 3.640469569018471852e+00
