3.003333333333333410e+00 1.657543879596227043e+01
3.010000000000000231e+00 1.463418637814799084e+01
3.016666666666666607e+00 1.273576615782124755e+01
3.023333333333333428e+00 1.117433278272041086e+01
3.030000000000000249e+00 1.022964780380061178e+01
3.036666666666666625e+00 1.014144353474820193e+01
3.043333333333333446e+00 1.108697404799996455e+01
3.050000000000000266e+00 1.316347285870640604e+01
3.056666666666667087e+00 1.637686084760601801e+01
3.063333333333333464e+00 2.063757901420961716e+01
3.070000000000000284e+00 2.576389288774939601e+01
3.076666666666666661e+00 3.149246664960010023e+01
3.083333333333333481e+00 3.749547403763907738e+01
3.090000000000000302e+00 4.340303701767082600e+01
3.096666666666667123e+00 4.882939493471699421e+01
3.103333333333333943e+00 5.340093290507331147e+01
3.110000000000000320e+00 5.678405694500690259e+01
3.116666666666666696e+00 5.871090380184245561e+01
3.123333333333333073e+00 5.900101490549484851e+01
3.129999999999999893e+00 5.757737585244692724e+01
3.136666666666666714e+00 5.447560607515823961e+01
3.143333333333333535e+00 4.984555108895309417e+01
3.150000000000000355e+00 4.394504960065209076e+01
3.156666666666666732e+00 3.712618414493074681e+01
3.163333333333333552e+00 2.981484021264392936e+01
3.169999999999999929e+00 2.248486005142803990e+01
3.176666666666666750e+00 1.562845240316727846e+01
3.183333333333333570e+00 9.724783268665543545e+00
3.190000000000000391e+00 5.208807908723647628e+00
3.196666666666667211e+00 2.442401917761579000e+00
3.203333333333333588e+00 1.689709820952005837e+00
3.210000000000000409e+00 3.098362865319877812e+00
3.216666666666666785e+00 6.687841509230892711e+00
3.223333333333333606e+00 1.234579775939062074e+01
3.229999999999999982e+00 1.983263855993654445e+01
3.236666666666666803e+00 2.879413787962771565e+01
3.243333333333333623e+00 3.878132701745391842e+01
3.250000000000000000e+00 4.927644378481233645e+01
3.256666666666666821e+00 5.972333198056378478e+01
3.263333333333333197e+00 6.956039792263116794e+01
3.270000000000000018e+00 7.825406866430948583e+01
3.276666666666666838e+00 8.533066675757366681e+01
3.283333333333333659e+00 9.040472014489974129e+01
3.290000000000000036e+00 9.320195546071505532e+01
3.296666666666666856e+00 9.357556303595718816e+01
3.303333333333333233e+00 9.151474961524152718e+01
3.310000000000000053e+00 8.714508209898889390e+01
3.316666666666666874e+00 8.072064084712255294e+01
3.323333333333333695e+00 7.260851108536061815e+01
3.330000000000000515e+00 6.326661324701603206e+01
3.336666666666666892e+00 5.321627799384494750e+01
3.343333333333333712e+00 4.301128413329067257e+01
3.350000000000000089e+00 3.320527890112915514e+01
3.356666666666666465e+00 2.431957861848779245e+01
3.363333333333333286e+00 1.681330015023652891e+01
3.370000000000000107e+00 1.105760449615440599e+01
3.376666666666666927e+00 7.315555635998260087e+00
3.383333333333333304e+00 5.728729551491639427e+00
3.390000000000000124e+00 6.311274798140113163e+00
3.396666666666666501e+00 8.951655502768602446e+00
3.403333333333333321e+00 1.342183055554624893e+01
3.410000000000000142e+00 1.939316930498149816e+01
3.416666666666666963e+00 2.645800250001578391e+01
3.423333333333333783e+00 3.415538200596822804e+01
3.430000000000000160e+00 4.199939310398083592e+01
3.436666666666666980e+00 4.950824166451576502e+01
3.443333333333333357e+00 5.623233073564495754e+01
3.450000000000000178e+00 6.177964528252018539e+01
3.456666666666666998e+00 6.583697103311132537e+01
3.463333333333333375e+00 6.818576827888401226e+01
3.470000000000000195e+00 6.871188340663837835e+01
3.476666666666666572e+00 6.740868540739194259e+01
3.483333333333332948e+00 6.437363490168436897e+01
3.489999999999999769e+00 5.979870220959660543e+01
3.496666666666666590e+00 5.395542286209467164e+01
3.503333333333333410e+00 4.717569086159696923e+01
3.510000000000000231e+00 3.982962349906134136e+01
3.516666666666667052e+00 3.230197366662015668e+01
3.523333333333333428e+00 2.496860960797749485e+01
3.529999999999999805e+00 1.817452769407623592e+01
3.536666666666666625e+00 1.221471723382343910e+01
3.543333333333333446e+00 7.318969517549801296e+00
3.550000000000000266e+00 3.641433144750119588e+00
3.556666666666667087e+00 1.255384816418730010e+00
3.563333333333333908e+00 1.533320580490573903e-01
3.570000000000000284e+00 2.522153675515505511e-01
3.576666666666666661e+00 1.403154803077138357e+00
3.583333333333333481e+00 3.404910439196666250e+00
3.589999999999999858e+00 6.020014224036584594e+00
3.596666666666666679e+00 8.992394702900634584e+00
3.603333333333333499e+00 1.206526264103015222e+01
3.610000000000000320e+00 1.499805591780702052e+01
3.616666666666666252e+00 1.758135170475710396e+01
3.623333333333333073e+00 1.964883323583979191e+01
3.629999999999999893e+00 2.108563336842108171e+01
3.636666666666666714e+00 2.183265018602983076e+01
3.643333333333333535e+00 2.188672155695380539e+01
3.650000000000000355e+00 2.129683552237892386e+01
3.656666666666667176e+00 2.015682194442452868e+01
3.663333333333333108e+00 1.859520024745730993e+01
3.669999999999999929e+00 1.676303366648618010e+01
3.676666666666666750e+00 1.482075152566160980e+01
3.683333333333333570e+00 1.292494171544475456e+01
3.690000000000000391e+00 1.121608468253330848e+01
3.696666666666666767e+00 9.808101787994077725e+00
3.703333333333333588e+00 8.780433285719437819e+00
3.709999999999999964e+00 8.173156780429099655e+00
3.716666666666666341e+00 7.985421171124555961e+00
3.723333333333333162e+00 8.177220977684340752e+00
3.729999999999999982e+00 8.674289442561388341e+00
3.736666666666666803e+00 9.375663178775337059e+00
3.743333333333333623e+00 1.016328192615180548e+01
3.750000000000000444e+00 1.091284691250543837e+01
3.756666666666666377e+00 1.150507950167732574e+01
3.763333333333333197e+00 1.183650316297784677e+01
3.770000000000000018e+00 1.182891675530588493e+01
3.776666666666666838e+00 1.143683168901557501e+01
3.783333333333333659e+00 1.065230161342179471e+01
3.790000000000000480e+00 9.506769284184953150e+00
3.796666666666666412e+00 8.069776957253077754e+00
3.803333333333333233e+00 6.444618156756217964e+00
3.810000000000000053e+00 4.761233567325995786e+00
3.816666666666666874e+00 3.166856313247437882e+00
3.823333333333333250e+00 1.815077896742345098e+00
3.830000000000000071e+00 8.541241021022142332e-01
3.836666666666666892e+00 4.151921690131469278e-01
3.843333333333332824e+00 6.017023499347230464e-01
3.849999999999999645e+00 1.480258632581035849e+00
3.856666666666666465e+00 3.073999106177364382e+00
3.863333333333333286e+00 5.358854187050563489e+00
3.870000000000000107e+00 8.263031955438226106e+00
3.876666666666666927e+00 1.166982792159196158e+01
3.883333333333333748e+00 1.542362687958449996e+01
3.889999999999999680e+00 1.933874284824934620e+01
3.896666666666666501e+00 2.321054456620564821e+01
3.903333333333333321e+00 2.682815212431820484e+01
3.910000000000000142e+00 2.998787608366940205e+01
3.916666666666666963e+00 3.250651160391687711e+01
3.923333333333333783e+00 3.423360070353358253e+01
3.930000000000000160e+00 3.506183580402617395e+01
3.936666666666666536e+00 3.493489320909754525e+01
3.943333333333333357e+00 3.385214846889336826e+01
3.949999999999999734e+00 3.186992585301221936e+01
3.956666666666666554e+00 2.909915814512356746e+01
3.963333333333333375e+00 2.569956587314618091e+01
3.970000000000000195e+00 2.187069156508083267e+01
3.976666666666667016e+00 1.784032979017437270e+01
3.983333333333332948e+00 1.385106418539893625e+01
3.989999999999999769e+00 1.014574728019295868e+01
3.996666666666666590e+00 6.952829667139663883e+00
4.003333333333332966e+00 4.472457422963004525e+00
4.009999999999999787e+00 2.864210001569952535e+00
4.016666666666666607e+00 2.237248281654815152e+00
4.023333333333332540e+00 2.643490853595749979e+00
4.029999999999999361e+00 4.074245928105879599e+00
4.036666666666666181e+00 6.460508865720063554e+00
4.043333333333333002e+00 9.676905337186100908e+00
4.049999999999999822e+00 1.354903233372231952e+01
4.056666666666666643e+00 1.786373819927469597e+01
4.063333333333333464e+00 2.238170192851393026e+01
4.070000000000000284e+00 2.685153248199219078e+01
4.076666666666666217e+00 3.102451938387038410e+01
4.083333333333333037e+00 3.466913166796823731e+01
4.089999999999999858e+00 3.758438500914262193e+01
4.096666666666666679e+00 3.961127464117155483e+01
4.103333333333333499e+00 4.064159893630942122e+01
4.110000000000000320e+00 4.062366671903351545e+01
4.116666666666666252e+00 3.956457939297371951e+01
4.123333333333333073e+00 3.752899389807628694e+01
4.129999999999999893e+00 3.463449057301636458e+01
4.136666666666666714e+00 3.104387734759990281e+01
4.143333333333333535e+00 2.695494536801282948e+01
4.150000000000000355e+00 2.258833989090955541e+01
4.156666666666667176e+00 1.817431518889044284e+01
4.163333333333333108e+00 1.393919733765704194e+01
4.169999999999999929e+00 1.009238141954273615e+01
4.176666666666666750e+00 6.814640592058280433e+00
4.183333333333333570e+00 4.248427637230672183e+00
4.190000000000000391e+00 2.490712015435422533e+00
4.196666666666667211e+00 1.588726584074079407e+00
4.203333333333334032e+00 1.538809304112509491e+00
4.209999999999999964e+00 2.288328847525487042e+00
4.216666666666666785e+00 3.740491666848739793e+00
4.223333333333333606e+00 5.761653879543891854e+00
4.230000000000000426e+00 8.190614989907356147e+00
4.236666666666666359e+00 1.084926075922175315e+01
4.243333333333333179e+00 1.355385563527155668e+01
4.250000000000000000e+00 1.612626437860667394e+01
4.256666666666665932e+00 1.840440813396121200e+01
4.263333333333332753e+00 2.025132944372015587e+01
4.269999999999999574e+00 2.156234807708758083e+01
4.276666666666666394e+00 2.226992717750750828e+01
4.283333333333333215e+00 2.234602745894441256e+01
4.290000000000000036e+00 2.180189521927735896e+01
4.296666666666665968e+00 2.068539660451271800e+01
4.303333333333332789e+00 1.907616502313647544e+01
4.309999999999999609e+00 1.707896108500723997e+01
4.316666666666666430e+00 1.481574682067833670e+01
4.323333333333333250e+00 1.241704228386353925e+01
4.330000000000000071e+00 1.001315953556959393e+01
4.336666666666666892e+00 7.725895724849742408e+00
4.343333333333333712e+00 5.661215478634798792e+00
4.349999999999999645e+00 3.903367539327559310e+00
4.356666666666666465e+00 2.510768150073003913e+00
4.363333333333333286e+00 1.513852341015643477e+00
4.370000000000000107e+00 9.149533563430258809e-01
4.376666666666666927e+00 6.901297430659097953e-01
4.383333333333333748e+00 7.927286277320122476e-01
4.389999999999999680e+00 1.158361089434582158e+00
4.396666666666666501e+00 1.710878514468250344e+00
4.403333333333333321e+00 2.368882708333468479e+00
4.410000000000000142e+00 3.052280444136557414e+00
4.416666666666666963e+00 3.688405757782718286e+00
4.423333333333333783e+00 4.217278980359105311e+00
4.430000000000000604e+00 4.595646319748730058e+00
4.436666666666666536e+00 4.799541932984285886e+00
4.443333333333333357e+00 4.825228539529378580e+00
4.450000000000000178e+00 4.688494420893353443e+00
4.456666666666666998e+00 4.422405456000893409e+00
4.463333333333333819e+00 4.073722192969310818e+00
4.469999999999999751e+00 3.698286190914018334e+00
4.476666666666666572e+00 3.355750621762942920e+00
4.483333333333332504e+00 3.104072768255704773e+00
4.489999999999999325e+00 2.994197979508900431e+00
4.496666666666666146e+00 3.065345410775125234e+00
4.503333333333332966e+00 3.341257215306993711e+00
4.509999999999999787e+00 3.827698540594937082e+00
4.516666666666666607e+00 4.511401221130626915e+00
4.523333333333333428e+00 5.360536314901145793e+00
4.529999999999999361e+00 6.326687324358871933e+00
4.536666666666666181e+00 7.348185113598841411e+00
4.543333333333333002e+00 8.354564992377705224e+00
4.549999999999999822e+00 9.271823216811785784e+00
4.556666666666666643e+00 1.002809004551438576e+01
4.563333333333333464e+00 1.055930363816137785e+01
4.569999999999999396e+00 1.081446573351750828e+01
4.576666666666666217e+00 1.076008638425632924e+01
4.583333333333333037e+00 1.038347919604547265e+01
4.589999999999999858e+00 9.694646745714065261e+00
4.596666666666666679e+00 8.726592717443079295e+00
4.603333333333333499e+00 7.534006114835393397e+00
4.610000000000000320e+00 6.190376188374194122e+00
4.616666666666667140e+00 4.783706679846043031e+00
4.623333333333333073e+00 3.411097080908650270e+00
4.629999999999999893e+00 2.172540034046666957e+00
4.636666666666666714e+00 1.164342175183773476e+00
4.643333333333333535e+00 4.726066126689177915e-01
4.650000000000000355e+00 1.672166870211732603e-01
4.656666666666667176e+00 2.967324700076686694e-01
4.663333333333333108e+00 8.845554486951396900e-01
4.669999999999999929e+00 1.926636667685310611e+00
4.676666666666666750e+00 3.390904556705040651e+00
4.683333333333333570e+00 5.218477293217423707e+00
4.690000000000000391e+00 7.326608199797147947e+00
4.696666666666667211e+00 9.613199042312951192e+00
4.703333333333333144e+00 1.196261267689905594e+01
4.709999999999999964e+00 1.425243011423841111e+01
4.716666666666665897e+00 1.636073341912168289e+01
4.723333333333332718e+00 1.817345913149645042e+01
4.729999999999999538e+00 1.959135949847100733e+01
4.736666666666666359e+00 2.053613123906895765e+01
4.743333333333333179e+00 2.095532236488346101e+01
4.749999999999999112e+00 2.082570344987055933e+01
4.756666666666665932e+00 2.015488574942925482e+01
4.763333333333332753e+00 1.898107850373765615e+01
4.769999999999999574e+00 1.737099451009798301e+01
4.776666666666666394e+00 1.541602911580317858e+01
4.783333333333333215e+00 1.322694571740524516e+01
4.790000000000000036e+00 1.092739378662907157e+01
4.796666666666666856e+00 8.646657502054161171e+00
4.803333333333333677e+00 6.512079749876029666e+00
4.809999999999999609e+00 4.641624732878844917e+00
4.816666666666666430e+00 3.137031682079968853e+00
4.823333333333333250e+00 2.077973075127829805e+00
4.830000000000000071e+00 1.517566012398248620e+00
4.836666666666666003e+00 1.479499287566750088e+00
4.843333333333332824e+00 1.956936850320230459e+00
4.849999999999999645e+00 2.913247380896576644e+00
4.856666666666666465e+00 4.284496688654099827e+00
4.863333333333333286e+00 5.983531776141957081e+00
4.870000000000000107e+00 7.905389440380886867e+00
4.876666666666666927e+00 9.933684140908242810e+00
4.883333333333333748e+00 1.194757427342782030e+01
4.890000000000000568e+00 1.382887617406252190e+01
4.896666666666667389e+00 1.546889268269391771e+01
4.903333333333333321e+00 1.677454769251899691e+01
4.910000000000000142e+00 1.767346785777151297e+01
4.916666666666666963e+00 1.811772399475968598e+01
4.923333333333333783e+00 1.808603283744810497e+01
4.929999999999999716e+00 1.758431884270154200e+01
4.936666666666666536e+00 1.664463922146132191e+01
4.943333333333333357e+00 1.532257665929355461e+01
4.949999999999999289e+00 1.369329688894343811e+01
4.956666666666666110e+00 1.184654665965368636e+01
4.963333333333332931e+00 9.880926993217839183e+00
4.969999999999999751e+00 7.897813521547382365e+00
4.976666666666666572e+00 5.995308259844197352e+00
4.983333333333333393e+00 4.262595084715610660e+00
4.989999999999999325e+00 2.775035753428280572e+00
4.996666666666666146e+00 1.590287297867090999e+00
