# Projections along x-axis (horizontal projections) 

# Projections along y-axis (vertical projections) 
# y          x=0.0048           
-1.06864397063 0.0e+00             
-1.06558674784 0.0e+00             
-1.06252952505 0.0e+00             
-1.05947230227 0.0e+00             
-1.05641507948 0.0e+00             
-1.05335785669 0.0e+00             
-1.0503006339 0.0e+00             
-1.04724341111 0.0e+00             
-1.04418618832 0.0e+00             
-1.04112896553 0.0e+00             
-1.03807174275 0.0e+00             
-1.03501451996 0.0e+00             
-1.03195729717 0.0e+00             
-1.02890007438 0.0e+00             
-1.02584285159 0.0e+00             
-1.0227856288 0.0e+00             
-1.01972840602 0.0e+00             
-1.01667118323 0.0e+00             
-1.01361396044 0.0e+00             
-1.01055673765 0.0e+00             
-1.00749951486 0.0e+00             
-1.00444229207 0.0e+00             
-1.00138506929 0.0e+00             
-0.998327846497 0.0e+00             
-0.995270623709 0.0e+00             
-0.99221340092 0.0e+00             
-0.989156178132 0.0e+00             
-0.986098955343 0.0e+00             
-0.983041732555 0.0e+00             
-0.979984509767 0.0e+00             
-0.976927286978 0.0e+00             
-0.97387006419 0.0e+00             
-0.970812841401 0.0e+00             
-0.967755618613 0.0e+00             
-0.964698395825 0.0e+00             
-0.961641173036 0.0e+00             
-0.958583950248 0.0e+00             
-0.955526727459 0.0e+00             
-0.952469504671 0.0e+00             
-0.949412281882 0.0e+00             
-0.946355059094 0.0e+00             
-0.943297836306 0.0e+00             
-0.940240613517 0.0e+00             
-0.937183390729 0.0e+00             
-0.93412616794 0.0e+00             
-0.931068945152 0.0e+00             
-0.928011722364 0.0e+00             
-0.924954499575 0.0e+00             
-0.921897276787 0.0e+00             
-0.918840053998 0.0e+00             
-0.91578283121 0.0e+00             
-0.912725608422 0.0e+00             
-0.909668385633 0.0e+00             
-0.906611162845 0.0e+00             
-0.903553940056 0.0e+00             
-0.900496717268 0.0e+00             
-0.89743949448 0.0e+00             
-0.894382271691 0.0e+00             
-0.891325048903 0.0e+00             
-0.888267826114 0.0e+00             
-0.885210603326 0.0e+00             
-0.882153380537 0.0e+00             
-0.879096157749 0.0e+00             
-0.876038934961 0.0e+00             
-0.872981712172 0.0e+00             
-0.869924489384 0.0e+00             
-0.866867266595 0.0e+00             
-0.863810043807 0.0e+00             
-0.860752821019 0.0e+00             
-0.85769559823 0.0e+00             
-0.854638375442 0.0e+00             
-0.851581152653 0.0e+00             
-0.848523929865 0.0e+00             
-0.845466707077 0.0e+00             
-0.842409484288 0.0e+00             
-0.8393522615 0.0e+00             
-0.836295038711 0.0e+00             
-0.833237815923 0.0e+00             
-0.830180593135 0.0e+00             
-0.827123370346 0.0e+00             
-0.824066147558 0.0e+00             
-0.821008924769 0.0e+00             
-0.817951701981 0.0e+00             
-0.814894479193 0.0e+00             
-0.811837256404 0.0e+00             
-0.808780033616 0.0e+00             
-0.805722810827 0.0e+00             
-0.802665588039 0.0e+00             
-0.79960836525 0.0e+00             
-0.796551142462 0.0e+00             
-0.793493919674 0.0e+00             
-0.790436696885 0.0e+00             
-0.787379474097 0.0e+00             
-0.784322251308 0.0e+00             
-0.78126502852 0.0e+00             
-0.778207805732 0.0e+00             
-0.775150582943 0.0e+00             
-0.772093360155 0.0e+00             
-0.769036137366 0.0e+00             
-0.765978914578 0.0e+00             
-0.76292169179 0.0e+00             
-0.759864469001 0.0e+00             
-0.756807246213 0.0e+00             
-0.753750023424 0.0e+00             
-0.750692800636 0.0e+00             
-0.747635577848 0.0e+00             
-0.744578355059 0.0e+00             
-0.741521132271 0.0e+00             
-0.738463909482 0.0e+00             
-0.735406686694 0.0e+00             
-0.732349463906 0.0e+00             
-0.729292241117 0.0e+00             
-0.726235018329 0.0e+00             
-0.72317779554 0.0e+00             
-0.720120572752 0.0e+00             
-0.717063349963 0.0e+00             
-0.714006127175 0.0e+00             
-0.710948904387 0.0e+00             
-0.707891681598 0.0e+00             
-0.70483445881 0.0e+00             
-0.701777236021 0.0e+00             
-0.698720013233 0.0e+00             
-0.695662790445 0.0e+00             
-0.692605567656 0.0e+00             
-0.689548344868 0.0e+00             
-0.686491122079 0.0e+00             
-0.683433899291 0.0e+00             
-0.680376676503 0.0e+00             
-0.677319453714 0.0e+00             
-0.674262230926 0.0e+00             
-0.671205008137 0.0e+00             
-0.668147785349 0.0e+00             
-0.665090562561 0.0e+00             
-0.662033339772 0.0e+00             
-0.658976116984 0.0e+00             
-0.655918894195 0.0e+00             
-0.652861671407 0.0e+00             
-0.649804448618 0.0e+00             
-0.64674722583 0.0e+00             
-0.643690003042 0.0e+00             
-0.640632780253 0.0e+00             
-0.637575557465 0.0e+00             
-0.634518334676 0.0e+00             
-0.631461111888 0.0e+00             
-0.6284038891 0.0e+00             
-0.625346666311 0.0e+00             
-0.622289443523 0.0e+00             
-0.619232220734 0.0e+00             
-0.616174997946 0.0e+00             
-0.613117775158 0.0e+00             
-0.610060552369 0.0e+00             
-0.607003329581 0.0e+00             
-0.603946106792 0.0e+00             
-0.600888884004 0.0e+00             
-0.597831661216 0.0e+00             
-0.594774438427 0.0e+00             
-0.591717215639 0.0e+00             
-0.58865999285 0.0e+00             
-0.585602770062 0.0e+00             
-0.582545547274 0.0e+00             
-0.579488324485 0.0e+00             
-0.576431101697 0.0e+00             
-0.573373878908 0.0e+00             
-0.57031665612 0.0e+00             
-0.567259433331 0.0e+00             
-0.564202210543 0.0e+00             
-0.561144987755 0.0e+00             
-0.558087764966 0.0e+00             
-0.555030542178 0.0e+00             
-0.551973319389 0.0e+00             
-0.548916096601 0.0e+00             
-0.545858873813 0.0e+00             
-0.542801651024 0.0e+00             
-0.539744428236 0.0e+00             
-0.536687205447 0.0e+00             
-0.533629982659 0.0e+00             
-0.530572759871 0.0e+00             
-0.527515537082 0.0e+00             
-0.524458314294 0.0e+00             
-0.521401091505 0.0e+00             
-0.518343868717 0.0e+00             
-0.515286645929 0.0e+00             
-0.51222942314 0.0e+00             
-0.509172200352 0.0e+00             
-0.506114977563 0.0e+00             
-0.503057754775 0.0e+00             
-0.500000531986 0.0e+00             
-0.496943309198 0.0e+00             
-0.49388608641 0.0e+00             
-0.490828863621 0.0e+00             
-0.487771640833 0.0e+00             
-0.484714418044 0.0e+00             
-0.481657195256 0.0e+00             
-0.478599972468 0.0e+00             
-0.475542749679 0.0e+00             
-0.472485526891 0.0e+00             
-0.469428304102 0.0e+00             
-0.466371081314 0.0e+00             
-0.463313858526 0.0e+00             
-0.460256635737 0.0e+00             
-0.457199412949 0.0e+00             
-0.45414219016 0.0e+00             
-0.451084967372 0.0e+00             
-0.448027744584 0.0e+00             
-0.444970521795 0.0e+00             
-0.441913299007 0.0e+00             
-0.438856076218 0.0e+00             
-0.43579885343 0.0e+00             
-0.432741630642 0.0e+00             
-0.429684407853 0.0e+00             
-0.426627185065 0.0e+00             
-0.423569962276 0.0e+00             
-0.420512739488 0.0e+00             
-0.417455516699 0.0e+00             
-0.414398293911 0.0e+00             
-0.411341071123 0.0e+00             
-0.408283848334 0.0e+00             
-0.405226625546 0.0e+00             
-0.402169402757 0.0e+00             
-0.399112179969 0.0e+00             
-0.396054957181 0.0e+00             
-0.392997734392 0.0e+00             
-0.389940511604 0.0e+00             
-0.386883288815 0.0e+00             
-0.383826066027 0.0e+00             
-0.380768843239 0.0e+00             
-0.37771162045 0.0e+00             
-0.374654397662 0.0e+00             
-0.371597174873 0.0e+00             
-0.368539952085 0.0e+00             
-0.365482729297 0.0e+00             
-0.362425506508 0.0e+00             
-0.35936828372 0.0e+00             
-0.356311060931 0.0e+00             
-0.353253838143 0.0e+00             
-0.350196615355 0.0e+00             
-0.347139392566 0.0e+00             
-0.344082169778 0.0e+00             
-0.341024946989 0.0e+00             
-0.337967724201 0.0e+00             
-0.334910501412 0.0e+00             
-0.331853278624 0.0e+00             
-0.328796055836 0.0e+00             
-0.325738833047 0.0e+00             
-0.322681610259 0.0e+00             
-0.31962438747 0.0e+00             
-0.316567164682 0.0e+00             
-0.313509941894 0.0e+00             
-0.310452719105 0.0e+00             
-0.307395496317 0.0e+00             
-0.304338273528 0.0e+00             
-0.30128105074 0.0e+00             
-0.298223827952 0.0e+00             
-0.295166605163 0.0e+00             
-0.292109382375 0.0e+00             
-0.289052159586 0.0e+00             
-0.285994936798 0.0e+00             
-0.28293771401 0.0e+00             
-0.279880491221 0.0e+00             
-0.276823268433 0.0e+00             
-0.273766045644 0.0e+00             
-0.270708822856 0.0e+00             
-0.267651600067 0.0e+00             
-0.264594377279 0.0e+00             
-0.261537154491 0.0e+00             
-0.258479931702 0.0e+00             
-0.255422708914 0.0e+00             
-0.252365486125 0.0e+00             
-0.249308263337 0.0e+00             
-0.246251040549 0.0e+00             
-0.24319381776 0.0e+00             
-0.240136594972 0.0e+00             
-0.237079372183 0.0e+00             
-0.234022149395 0.0e+00             
-0.230964926607 0.0e+00             
-0.227907703818 0.0e+00             
-0.22485048103 0.0e+00             
-0.221793258241 0.0e+00             
-0.218736035453 0.0e+00             
-0.215678812665 0.0e+00             
-0.212621589876 0.0e+00             
-0.209564367088 0.0e+00             
-0.206507144299 0.0e+00             
-0.203449921511 0.0e+00             
-0.200392698723 0.0e+00             
-0.197335475934 0.0e+00             
-0.194278253146 0.0e+00             
-0.191221030357 0.0e+00             
-0.188163807569 0.0e+00             
-0.18510658478 0.0e+00             
-0.182049361992 0.0e+00             
-0.178992139204 0.0e+00             
-0.175934916415 0.0e+00             
-0.172877693627 0.0e+00             
-0.169820470838 0.0e+00             
-0.16676324805 0.0e+00             
-0.163706025262 0.0e+00             
-0.160648802473 0.0e+00             
-0.157591579685 0.0e+00             
-0.154534356896 0.0e+00             
-0.151477134108 0.0e+00             
-0.14841991132 0.0e+00             
-0.145362688531 0.0e+00             
-0.142305465743 0.0e+00             
-0.139248242954 0.0e+00             
-0.136191020166 0.0e+00             
-0.133133797378 0.0e+00             
-0.130076574589 0.0e+00             
-0.127019351801 0.0e+00             
-0.123962129012 0.0e+00             
-0.120904906224 0.0e+00             
-0.117847683435 0.0e+00             
-0.114790460647 0.0e+00             
-0.111733237859 0.0e+00             
-0.10867601507 0.0e+00             
-0.105618792282 0.0e+00             
-0.102561569493 0.0e+00             
-0.099504346705 0.0e+00             
-0.0964471239166 0.0e+00             
-0.0933899011282 0.0e+00             
-0.0903326783398 0.0e+00             
-0.0872754555514 0.0e+00             
-0.084218232763 0.0e+00             
-0.0811610099746 0.0e+00             
-0.0781037871862 0.0e+00             
-0.0750465643978 0.0e+00             
-0.0719893416094 0.0e+00             
-0.068932118821 0.0e+00             
-0.0658748960326 0.0e+00             
-0.0628176732442 0.0e+00             
-0.0597604504557 0.0e+00             
-0.0567032276673 0.0e+00             
-0.0536460048789 0.0e+00             
-0.0505887820905 0.0e+00             
-0.0475315593021 0.0e+00             
-0.0444743365137 0.0e+00             
-0.0414171137253 0.0e+00             
-0.0383598909369 0.0e+00             
-0.0353026681485 0.0e+00             
-0.0322454453601 0.0e+00             
-0.0291882225717 0.0e+00             
-0.0261309997833 0.0e+00             
-0.0230737769948 0.0e+00             
-0.0200165542064 0.0e+00             
-0.016959331418 0.0e+00             
-0.0139021086296 0.0e+00             
-0.0108448858412 0.0e+00             
-0.00778766305281 0.0e+00             
-0.0047304402644 0.0e+00             
-0.00167321747599 0.0e+00             
0.00138400531242 0.0e+00             
0.00444122810082 0.0e+00             
0.00749845088923 0.0e+00             
0.0105556736776 0.0e+00             
0.013612896466 0.0e+00             
0.0166701192545 0.0e+00             
0.0197273420429 0.0e+00             
0.0227845648313 0.0e+00             
0.0258417876197 0.0e+00             
0.0288990104081 0.0e+00             
0.0319562331965 0.0e+00             
0.0350134559849 0.0e+00             
0.0380706787733 0.0e+00             
0.0411279015617 0.0e+00             
0.0441851243501 0.0e+00             
0.0472423471385 0.0e+00             
0.0502995699269 0.0e+00             
0.0533567927154 0.0e+00             
0.0564140155038 0.0e+00             
0.0594712382922 0.0e+00             
0.0625284610806 0.0e+00             
0.065585683869 0.0e+00             
0.0686429066574 0.0e+00             
0.0717001294458 0.0e+00             
0.0747573522342 0.0e+00             
0.0778145750226 0.0e+00             
0.080871797811 0.0e+00             
0.0839290205994 0.0e+00             
0.0869862433878 0.0e+00             
0.0900434661762 0.0e+00             
0.0931006889647 0.0e+00             
0.0961579117531 0.0e+00             
0.0992151345415 0.0e+00             
0.10227235733 0.0e+00             
0.105329580118 0.0e+00             
0.108386802907 0.0e+00             
0.111444025695 0.0e+00             
0.114501248484 0.0e+00             
0.117558471272 0.0e+00             
0.12061569406 0.0e+00             
0.123672916849 0.0e+00             
0.126730139637 0.0e+00             
0.129787362426 0.0e+00             
0.132844585214 0.0e+00             
0.135901808002 0.0e+00             
0.138959030791 0.0e+00             
0.142016253579 0.0e+00             
0.145073476368 0.0e+00             
0.148130699156 0.0e+00             
0.151187921944 0.0e+00             
0.154245144733 0.0e+00             
0.157302367521 0.0e+00             
0.16035959031 0.0e+00             
0.163416813098 0.0e+00             
0.166474035886 0.0e+00             
0.169531258675 0.0e+00             
0.172588481463 0.0e+00             
0.175645704252 0.0e+00             
0.17870292704 0.0e+00             
0.181760149828 0.0e+00             
0.184817372617 0.0e+00             
0.187874595405 0.0e+00             
0.190931818194 0.0e+00             
0.193989040982 0.0e+00             
0.197046263771 0.0e+00             
0.200103486559 0.0e+00             
0.203160709347 0.0e+00             
0.206217932136 0.0e+00             
0.209275154924 0.0e+00             
0.212332377713 0.0e+00             
0.215389600501 0.0e+00             
0.218446823289 0.0e+00             
0.221504046078 1.932541e-03        
0.224561268866 9.521935e-03        
0.227618491655 2.284709e-02        
0.230675714443 4.188505e-02        
0.233732937231 6.660494e-02        
0.23679016002 9.696794e-02        
0.239847382808 1.329274e-01        
0.242904605597 1.74429e-01         
0.245961828385 2.214105e-01        
0.249019051173 2.738025e-01        
0.252076273962 3.315277e-01        
0.25513349675 3.945017e-01        
0.258190719539 4.626329e-01        
0.261247942327 5.358226e-01        
0.264305165116 6.139651e-01        
0.267362387904 6.96948e-01         
0.270419610692 7.846522e-01        
0.273476833481 8.769521e-01        
0.276534056269 9.737157e-01        
0.279591279058 1.074805e+00        
0.282648501846 1.180075e+00        
0.285705724634 1.289376e+00        
0.288762947423 1.402552e+00        
0.291820170211 1.519441e+00        
0.294877393  1.639874e+00        
0.297934615788 1.763679e+00        
0.300991838576 1.890676e+00        
0.304049061365 2.02068e+00         
0.307106284153 2.1535e+00          
0.310163506942 2.288941e+00        
0.31322072973 2.4268e+00          
0.316277952518 2.566869e+00        
0.319335175307 2.708932e+00        
0.322392398095 2.852769e+00        
0.325449620884 2.998151e+00        
0.328506843672 3.144842e+00        
0.33156406646 3.2926e+00          
0.334621289249 3.441173e+00        
0.337678512037 3.5903e+00          
0.340735734826 3.739712e+00        
0.343792957614 3.889126e+00        
0.346850180403 4.038251e+00        
0.349907403191 4.18678e+00         
0.352964625979 4.334395e+00        
0.356021848768 4.480758e+00        
0.359079071556 4.625516e+00        
0.362136294345 4.768294e+00        
0.365193517133 4.908696e+00        
0.368250739921 5.046298e+00        
0.37130796271 5.180646e+00        
0.374365185498 5.311251e+00        
0.377422408287 5.437583e+00        
0.380479631075 5.559063e+00        
0.383536853863 5.675056e+00        
0.386594076652 5.784856e+00        
0.38965129944 5.88767e+00         
0.392708522229 5.982602e+00        
0.395765745017 6.068618e+00        
0.398822967805 6.144511e+00        
0.401880190594 6.208843e+00        
0.404937413382 6.259859e+00        
0.407994636171 6.295355e+00        
0.411051858959 6.312471e+00        
0.414109081747 6.307314e+00        
0.417166304536 6.274286e+00        
0.420223527324 6.204671e+00        
0.423280750113 6.08334e+00         
0.426337972901 5.879271e+00        
0.42939519569 5.509004e+00        
0.432452418478 4.693646e+00        
0.435509641266 3.738883e+00        
0.438566864055 3.199427e+00        
0.441624086843 2.851413e+00        
0.444681309632 2.599236e+00        
0.44773853242 2.404115e+00        
0.450795755208 2.246733e+00        
0.453852977997 2.116086e+00        
0.456910200785 2.005315e+00        
0.459967423574 1.909856e+00        
0.463024646362 1.82652e+00         
0.46608186915 1.752998e+00        
0.469139091939 1.687564e+00        
0.472196314727 1.628894e+00        
0.475253537516 1.575954e+00        
0.478310760304 1.527921e+00        
0.481367983092 1.484129e+00        
0.484425205881 1.444034e+00        
0.487482428669 1.407184e+00        
0.490539651458 1.373202e+00        
0.493596874246 1.341769e+00        
0.496654097035 1.312613e+00        
0.499711319823 1.285502e+00        
0.502768542611 1.260234e+00        
0.5058257654 1.236635e+00        
0.508882988188 1.214551e+00        
0.511940210977 1.193849e+00        
0.514997433765 1.17441e+00         
0.518054656553 1.156128e+00        
0.521111879342 1.13891e+00         
0.52416910213 1.122673e+00        
0.527226324919 1.10734e+00         
0.530283547707 1.092845e+00        
0.533340770495 1.079126e+00        
0.536397993284 1.066127e+00        
0.539455216072 1.053797e+00        
0.542512438861 1.042092e+00        
0.545569661649 1.030968e+00        
0.548626884437 1.020388e+00        
0.551684107226 1.010315e+00        
0.554741330014 1.000716e+00        
0.557798552803 9.915627e-01        
0.560855775591 9.828256e-01        
0.563912998379 9.744791e-01        
0.566970221168 9.66499e-01         
0.570027443956 9.58863e-01         
0.573084666745 9.5155e-01          
0.576141889533 9.445404e-01        
0.579199112322 9.378158e-01        
0.58225633511 9.31359e-01         
0.585313557898 9.251537e-01        
0.588370780687 9.191847e-01        
0.591428003475 9.134375e-01        
0.594485226264 9.078985e-01        
0.597542449052 9.025548e-01        
0.60059967184 8.973941e-01        
0.603656894629 8.924049e-01        
0.606714117417 8.875762e-01        
0.609771340206 8.828973e-01        
0.612828562994 8.783583e-01        
0.615885785782 8.739496e-01        
0.618943008571 8.69662e-01         
0.622000231359 8.654868e-01        
0.625057454148 8.614156e-01        
0.628114676936 8.574404e-01        
0.631171899724 8.535533e-01        
0.634229122513 8.49747e-01         
0.637286345301 8.460143e-01        
0.64034356809 8.423483e-01        
0.643400790878 8.387423e-01        
0.646458013667 8.3519e-01          
0.649515236455 8.316851e-01        
0.652572459243 8.282216e-01        
0.655629682032 8.247938e-01        
0.65868690482 8.213961e-01        
0.661744127609 8.18023e-01         
0.664801350397 8.146694e-01        
0.667858573185 8.113301e-01        
0.670915795974 8.080002e-01        
0.673973018762 8.04675e-01         
0.677030241551 8.013498e-01        
0.680087464339 7.980202e-01        
0.683144687127 7.946819e-01        
0.686201909916 7.913306e-01        
0.689259132704 7.879623e-01        
0.692316355493 7.845731e-01        
0.695373578281 7.811592e-01        
0.698430801069 7.77717e-01         
0.701488023858 7.742428e-01        
0.704545246646 7.707332e-01        
0.707602469435 7.671851e-01        
0.710659692223 7.635951e-01        
0.713716915011 7.599602e-01        
0.7167741378 7.562776e-01        
0.719831360588 7.525443e-01        
0.722888583377 7.487577e-01        
0.725945806165 7.449152e-01        
0.729003028954 7.410144e-01        
0.732060251742 7.370529e-01        
0.73511747453 7.330285e-01        
0.738174697319 7.28939e-01         
0.741231920107 7.247826e-01        
0.744289142896 7.205573e-01        
0.747346365684 7.162614e-01        
0.750403588472 7.118934e-01        
0.753460811261 7.074516e-01        
0.756518034049 7.029347e-01        
0.759575256838 6.983415e-01        
0.762632479626 6.936708e-01        
0.765689702414 6.889217e-01        
0.768746925203 6.840932e-01        
0.771804147991 6.791845e-01        
0.77486137078 6.741951e-01        
0.777918593568 6.691243e-01        
0.780975816356 6.639719e-01        
0.784033039145 6.587375e-01        
0.787090261933 6.53421e-01         
0.790147484722 6.480223e-01        
0.79320470751 6.425416e-01        
0.796261930298 6.36979e-01         
0.799319153087 6.313349e-01        
0.802376375875 6.256098e-01        
0.805433598664 6.198041e-01        
0.808490821452 6.139187e-01        
0.811548044241 6.079543e-01        
0.814605267029 6.019119e-01        
0.817662489817 5.957924e-01        
0.820719712606 5.89597e-01         
0.823776935394 5.833271e-01        
0.826834158183 5.76984e-01         
0.829891380971 5.705691e-01        
0.832948603759 5.640841e-01        
0.836005826548 5.575306e-01        
0.839063049336 5.509105e-01        
0.842120272125 5.442256e-01        
0.845177494913 5.37478e-01         
0.848234717701 5.306698e-01        
0.85129194049 5.238031e-01        
0.854349163278 5.168802e-01        
0.857406386067 5.099035e-01        
0.860463608855 5.028754e-01        
0.863520831643 4.957985e-01        
0.866578054432 4.886754e-01        
0.86963527722 4.815087e-01        
0.872692500009 4.743013e-01        
0.875749722797 4.670559e-01        
0.878806945586 4.597755e-01        
0.881864168374 4.52463e-01         
0.884921391162 4.451213e-01        
0.887978613951 4.377537e-01        
0.891035836739 4.303632e-01        
0.894093059528 4.22953e-01         
0.897150282316 4.155263e-01        
0.900207505104 4.080863e-01        
0.903264727893 4.006363e-01        
0.906321950681 3.931797e-01        
0.90937917347 3.857197e-01        
0.912436396258 3.782599e-01        
0.915493619046 3.708034e-01        
0.918550841835 3.633539e-01        
0.921608064623 3.559146e-01        
0.924665287412 3.484891e-01        
0.9277225102 3.410806e-01        
0.930779732988 3.336927e-01        
0.933836955777 3.263289e-01        
0.936894178565 3.189924e-01        
0.939951401354 3.116867e-01        
0.943008624142 3.044153e-01        
0.94606584693 2.971814e-01        
0.949123069719 2.899884e-01        
0.952180292507 2.828397e-01        
0.955237515296 2.757385e-01        
0.958294738084 2.686881e-01        
0.961351960873 2.616917e-01        
0.964409183661 2.547524e-01        
0.967466406449 2.478735e-01        
0.970523629238 2.410579e-01        
0.973580852026 2.343088e-01        
0.976638074815 2.27629e-01         
0.979695297603 2.210215e-01        
0.982752520391 2.144892e-01        
0.98580974318 2.080348e-01        
0.988866965968 2.016611e-01        
0.991924188757 1.953707e-01        
0.994981411545 1.891662e-01        
0.998038634333 1.830502e-01        
1.00109585712 1.77025e-01         
1.00415307991 1.71093e-01         
1.0072103027 1.652565e-01        
1.01026752549 1.595176e-01        
1.01332474828 1.538786e-01        
1.01638197106 1.483413e-01        
1.01943919385 1.429078e-01        
1.02249641664 1.375799e-01        
1.02555363943 1.323593e-01        
1.02861086222 1.272477e-01        
1.03166808501 1.222466e-01        
1.03472530779 1.173576e-01        
1.03778253058 1.12582e-01         
1.04083975337 1.079211e-01        
1.04389697616 1.033761e-01        
1.04695419895 9.89481e-02         
1.05001142174 9.463805e-02        
1.05306864452 9.044686e-02        
1.05612586731 8.637534e-02        
1.0591830901 8.242419e-02        
1.06224031289 7.859402e-02        
1.06529753568 7.488533e-02        
1.06835475847 7.129854e-02        
1.07141198126 6.783396e-02        
1.07446920404 6.449181e-02        
1.07752642683 6.127223e-02        
1.08058364962 5.817523e-02        
1.08364087241 5.520076e-02        
1.0866980952 5.234867e-02        
1.08975531799 4.961871e-02        
1.09281254077 4.701055e-02        
1.09586976356 4.452377e-02        
1.09892698635 4.215784e-02        
1.10198420914 3.991219e-02        
1.10504143193 3.778612e-02        
1.10809865472 3.577888e-02        
1.1111558775 3.388962e-02        
1.11421310029 3.211742e-02        
1.11727032308 3.046128e-02        
1.12032754587 2.892012e-02        
1.12338476866 2.749279e-02        
1.12644199145 2.617807e-02        
1.12949921423 2.497466e-02        
1.13255643702 2.388121e-02        
1.13561365981 2.289628e-02        
1.1386708826 2.20184e-02         
1.14172810539 2.1246e-02          
1.14478532818 2.057748e-02        
1.14784255097 2.001117e-02        
1.15089977375 1.954535e-02        
1.15395699654 1.917824e-02        
1.15701421933 1.890802e-02        
1.16007144212 1.87328e-02         
1.16312866491 1.865068e-02        
1.1661858877 1.865969e-02        
1.16924311048 1.875782e-02        
1.17230033327 1.894303e-02        
1.17535755606 1.921324e-02        
1.17841477885 1.956634e-02        
1.18147200164 2.000017e-02        
1.18452922443 2.051256e-02        
1.18758644721 2.110132e-02        
1.19064367   2.176419e-02        
1.19370089279 2.249895e-02        
1.19675811558 2.33033e-02         
1.19981533837 2.417497e-02        
1.20287256116 2.511163e-02        
1.20592978395 2.611097e-02        
1.20898700673 2.717065e-02        
1.21204422952 2.828833e-02        
1.21510145231 2.946165e-02        
1.2181586751 3.068824e-02        
1.22121589789 3.196575e-02        
1.22427312068 3.329181e-02        
1.22733034346 3.466404e-02        
1.23038756625 3.608009e-02        
1.23344478904 3.753759e-02        
1.23650201183 3.903418e-02        
1.23955923462 4.056751e-02        
1.24261645741 4.213524e-02        
1.24567368019 4.373503e-02        
1.24873090298 4.536457e-02        
1.25178812577 4.702154e-02        
1.25484534856 4.870365e-02        
1.25790257135 5.040863e-02        
1.26095979414 5.213421e-02        
1.26401701692 5.387816e-02        
1.26707423971 5.563825e-02        
1.2701314625 5.741229e-02        
1.27318868529 5.919811e-02        
1.27624590808 6.099354e-02        
1.27930313087 6.279648e-02        
1.28236035366 6.460481e-02        
1.28541757644 6.641648e-02        
1.28847479923 6.822943e-02        
1.29153202202 7.004165e-02        
1.29458924481 7.185117e-02        
1.2976464676 7.365603e-02        
1.30070369039 7.545432e-02        
1.30376091317 7.724416e-02        
1.30681813596 7.902369e-02        
1.30987535875 8.07911e-02         
1.31293258154 8.254461e-02        
1.31598980433 8.428249e-02        
1.31904702712 8.600303e-02        
1.3221042499 8.770455e-02        
1.32516147269 8.938545e-02        
1.32821869548 9.104411e-02        
1.33127591827 9.267901e-02        
1.33433314106 9.428863e-02        
1.33739036385 9.58715e-02         
1.34044758664 9.742619e-02        
1.34350480942 9.895132e-02        
1.34656203221 1.004456e-01        
1.349619255  1.019076e-01        
1.35267647779 1.033362e-01        
1.35573370058 1.047301e-01        
1.35879092337 1.060881e-01        
1.36184814615 1.074092e-01        
1.36490536894 1.086922e-01        
1.36796259173 1.099362e-01        
1.37101981452 1.1114e-01          
1.37407703731 1.123028e-01        
1.3771342601 1.134236e-01        
1.38019148288 1.145017e-01        
1.38324870567 1.155361e-01        
1.38630592846 1.165261e-01        
1.38936315125 1.17471e-01         
1.39242037404 1.183701e-01        
1.39547759683 1.192228e-01        
1.39853481961 1.200284e-01        
1.4015920424 1.207865e-01        
1.40464926519 1.214965e-01        
1.40770648798 1.221579e-01        
1.41076371077 1.227704e-01        
1.41382093356 1.233336e-01        
1.41687815635 1.238471e-01        
1.41993537913 1.243107e-01        
1.42299260192 1.247242e-01        
1.42604982471 1.250874e-01        
1.4291070475 1.254e-01           
1.43216427029 1.256621e-01        
1.43522149308 1.258735e-01        
1.43827871586 1.260343e-01        
1.44133593865 1.261444e-01        
1.44439316144 1.262039e-01        
1.44745038423 1.26213e-01         
1.45050760702 1.261717e-01        
1.45356482981 1.260804e-01        
1.45662205259 1.259392e-01        
1.45967927538 1.257483e-01        
1.46273649817 1.255082e-01        
1.46579372096 1.252191e-01        
1.46885094375 1.248814e-01        
1.47190816654 1.244956e-01        
1.47496538933 1.240622e-01        
1.47802261211 1.235816e-01        
1.4810798349 1.230544e-01        
1.48413705769 1.224811e-01        
1.48719428048 1.218625e-01        
1.49025150327 1.21199e-01         
1.49330872606 1.204915e-01        
1.49636594884 1.197405e-01        
1.49942317163 1.189469e-01        
1.50248039442 1.181115e-01        
1.50553761721 1.17235e-01         
1.50859484   1.163182e-01        
1.51165206279 1.153621e-01        
1.51470928557 1.143676e-01        
1.51776650836 1.133355e-01        
1.52082373115 1.122668e-01        
1.52388095394 1.111625e-01        
1.52693817673 1.100236e-01        
1.52999539952 1.088511e-01        
1.5330526223 1.076461e-01        
1.53610984509 1.064096e-01        
1.53916706788 1.051427e-01        
1.54222429067 1.038465e-01        
1.54528151346 1.025221e-01        
1.54833873625 1.011708e-01        
1.55139595904 9.97936e-02         
1.55445318182 9.839173e-02        
1.55751040461 9.696639e-02        
1.5605676274 9.551878e-02        
1.56362485019 9.405011e-02        
1.56668207298 9.256162e-02        
1.56973929577 9.105454e-02        
1.57279651855 8.953013e-02        
1.57585374134 8.798964e-02        
1.57891096413 8.643432e-02        
1.58196818692 8.486546e-02        
1.58502540971 8.328433e-02        
1.5880826325 8.169219e-02        
1.59113985528 8.009033e-02        
1.59419707807 7.848003e-02        
1.59725430086 7.686257e-02        
1.60031152365 7.523922e-02        
1.60336874644 7.361126e-02        
1.60642596923 7.197997e-02        
1.60948319202 7.034661e-02        
1.6125404148 6.871245e-02        
1.61559763759 6.707873e-02        
1.61865486038 6.544671e-02        
1.62171208317 6.381762e-02        
1.62476930596 6.21927e-02         
1.62782652875 6.057315e-02        
1.63088375153 5.896018e-02        
1.63394097432 5.735499e-02        
1.63699819711 5.575875e-02        
1.6400554199 5.417262e-02        
1.64311264269 5.259774e-02        
1.64616986548 5.103526e-02        
1.64922708826 4.948626e-02        
1.65228431105 4.795185e-02        
1.65534153384 4.64331e-02         
1.65839875663 4.493105e-02        
1.66145597942 4.344673e-02        
1.66451320221 4.198115e-02        
1.66757042499 4.053529e-02        
1.67062764778 3.911011e-02        
1.67368487057 3.770653e-02        
1.67674209336 3.632548e-02        
1.67979931615 3.496782e-02        
1.68285653894 3.363442e-02        
1.68591376173 3.232609e-02        
1.68897098451 3.104364e-02        
1.6920282073 2.978784e-02        
1.69508543009 2.855943e-02        
1.69814265288 2.735911e-02        
1.70119987567 2.618757e-02        
1.70425709846 2.504546e-02        
1.70731432124 2.39334e-02         
1.71037154403 2.285197e-02        
1.71342876682 2.180173e-02        
1.71648598961 2.07832e-02         
1.7195432124 1.979687e-02        
1.72260043519 1.884321e-02        
1.72565765797 1.792264e-02        
1.72871488076 1.703555e-02        
1.73177210355 1.61823e-02         
1.73482932634 1.536323e-02        
1.73788654913 1.457861e-02        
1.74094377192 1.382872e-02        
1.7440009947 1.311379e-02        
1.74705821749 1.2434e-02          
1.75011544028 1.178952e-02        
1.75317266307 1.118047e-02        
1.75622988586 1.060696e-02        
1.75928710865 1.006905e-02        
1.76234433144 9.566767e-03        
1.76540155422 9.100109e-03        
1.76845877701 8.669045e-03        
1.7715159998 8.27351e-03         
1.77457322259 7.913409e-03        
1.77763044538 7.588615e-03        
1.78068766817 7.298971e-03        
1.78374489095 7.044289e-03        
1.78680211374 6.824352e-03        
1.78985933653 6.638914e-03        
1.79291655932 6.487701e-03        
1.79597378211 6.370408e-03        
1.7990310049 6.286705e-03        
1.80208822768 6.236233e-03        
1.80514545047 6.218609e-03        
1.80820267326 6.233421e-03        
1.81125989605 6.280233e-03        
1.81431711884 6.358584e-03        
1.81737434163 6.46799e-03         
1.82043156442 6.607942e-03        
1.8234887872 6.777908e-03        
1.82654600999 6.977335e-03        
1.82960323278 7.205649e-03        
1.83266045557 7.462254e-03        
1.83571767836 7.746536e-03        
1.83877490115 8.057859e-03        
1.84183212393 8.39557e-03         
1.84488934672 8.759001e-03        
1.84794656951 9.147462e-03        
1.8510037923 9.560251e-03        
1.85406101509 9.996648e-03        
1.85711823788 1.045592e-02        
1.86017546066 1.093732e-02        
1.86323268345 1.144009e-02        
1.86628990624 1.196346e-02        
1.86934712903 1.250664e-02        
1.87240435182 1.306883e-02        
1.87546157461 1.364925e-02        
1.87851879739 1.424706e-02        
1.88157602018 1.486146e-02        
1.88463324297 1.549161e-02        
1.88769046576 1.613668e-02        
1.89074768855 1.679583e-02        
1.89380491134 1.746822e-02        
1.89686213413 1.815299e-02        
1.89991935691 1.884929e-02        
1.9029765797 1.955628e-02        
1.90603380249 2.027309e-02        
1.90909102528 2.099886e-02        
1.91214824807 2.173273e-02        
1.91520547086 2.247386e-02        
1.91826269364 2.322138e-02        
1.92131991643 2.397444e-02        
1.92437713922 2.47322e-02         
1.92743436201 2.549379e-02        
1.9304915848 2.625838e-02        
1.93354880759 2.702513e-02        
1.93660603037 2.77932e-02         
1.93966325316 2.856178e-02        
1.94272047595 2.933003e-02        
1.94577769874 3.009715e-02        
1.94883492153 3.086234e-02        
1.95189214432 3.162479e-02        
1.95494936711 3.238372e-02        
1.95800658989 3.313836e-02        
1.96106381268 3.388794e-02        
1.96412103547 3.46317e-02         
1.96717825826 3.536891e-02        
1.97023548105 3.609883e-02        
1.97329270384 3.682075e-02        
1.97634992662 3.753395e-02        
1.97940714941 3.823776e-02        
1.9824643722 3.893149e-02        
1.98552159499 3.961448e-02        
1.98857881778 4.028609e-02        
1.99163604057 4.094567e-02        
1.99469326335 4.159263e-02        
1.99775048614 4.222636e-02        
2.00080770893 4.284628e-02        
2.00386493172 4.345181e-02        
2.00692215451 4.404243e-02        
2.0099793773 4.461758e-02        
2.01303660008 4.517678e-02        
2.01609382287 4.571951e-02        
2.01915104566 4.62453e-02         
2.02220826845 4.675371e-02        
2.02526549124 4.724429e-02        
2.02832271403 4.771662e-02        
2.03137993682 4.817031e-02        
2.0344371596 4.860498e-02        
2.03749438239 4.902027e-02        
2.04055160518 4.941584e-02        
2.04360882797 4.979138e-02        
2.04666605076 5.014659e-02        
2.04972327355 5.048118e-02        
2.05278049633 5.079492e-02        
2.05583771912 5.108755e-02        
2.05889494191 5.135887e-02        
2.0619521647 5.160868e-02        
2.06500938749 5.18368e-02         
2.06806661028 5.20431e-02         
2.07112383306 5.222742e-02        
2.07418105585 5.238967e-02        
2.07723827864 5.252974e-02        
2.08029550143 5.264758e-02        
2.08335272422 5.274314e-02        
2.08640994701 5.281637e-02        
2.0894671698 5.286729e-02        
2.09252439258 5.289589e-02        
2.09558161537 5.290221e-02        
2.09863883816 5.288631e-02        
2.10169606095 5.284825e-02        
2.10475328374 5.278813e-02        
2.10781050653 5.270606e-02        
2.11086772931 5.260216e-02        
2.1139249521 5.247659e-02        
2.11698217489 5.232952e-02        

