# BornAgain Intensity Data
# Simple array suitable for numpy, matlab etc.
# coordinates         intensities
1.829737560245e-03    7.324495996455e+06
5.489212675719e-03    1.030711784202e+07
9.148687776144e-03    1.375688100236e+07
1.280816285149e-02    1.756551501681e+07
1.646763789172e-02    2.161003802946e+07
2.012711288680e-02    2.577645224722e+07
2.378658782670e-02    2.995666020072e+07
2.744606270139e-02    3.406142887430e+07
3.110553750084e-02    3.800753806055e+07
3.476501221500e-02    4.178256817749e+07
3.842448683386e-02    4.538094336010e+07
4.208396134737e-02    4.879556401636e+07
4.574343574551e-02    5.201525143345e+07
4.940291001824e-02    5.497761284013e+07
5.306238415553e-02    5.761506522646e+07
5.672185814735e-02    5.986030603303e+07
6.038133198366e-02    6.163340441061e+07
6.404080565443e-02    6.285265299367e+07
6.770027914963e-02    6.343433423438e+07
7.135975245922e-02    6.331540568862e+07
7.501922557318e-02    6.247421743496e+07
7.867869848147e-02    6.083706918370e+07
8.233817117406e-02    5.838297152898e+07
8.599764364091e-02    5.516817951113e+07
8.965711587200e-02    5.125876172562e+07
9.331658785728e-02    4.675828526026e+07
9.697605958673e-02    4.181649689499e+07
1.006355310503e-01    3.666065398605e+07
1.042950022380e-01    3.151749905183e+07
1.079544731398e-01    2.661328759976e+07
1.116139437456e-01    2.213987372222e+07
1.152734140454e-01    1.822422023868e+07
1.189328840291e-01    1.491569032237e+07
1.225923536868e-01    1.219538513831e+07
1.262518230085e-01    1.000627175584e+07
1.299112919839e-01    8.294847547454e+06
1.335707606033e-01    6.920795359466e+06
1.372302288564e-01    5.769030510932e+06
1.408896967333e-01    4.789996079127e+06
1.408896967333e-01    4.789996079127e+06
1.445491642240e-01    3.953999041033e+06
1.482086313183e-01    3.240040107195e+06
1.518680980064e-01    2.631881062269e+06
1.555275642781e-01    2.116251705925e+06
1.591870301234e-01    1.681906753029e+06
1.628464955323e-01    1.319082141336e+06
1.665059604947e-01    1.019160244072e+06
1.701654250006e-01    7.744526418510e+05
1.738248890401e-01    5.780525857376e+05
1.774843526029e-01    4.237303831726e+05
1.811438156792e-01    3.058559901645e+05
1.848032782589e-01    2.193392427874e+05
1.884627403319e-01    1.595817474065e+05
1.921222018883e-01    1.224366196906e+05
1.957816629179e-01    1.041736180637e+05
1.994411234108e-01    1.014480792083e+05
2.031005833569e-01    1.112726230788e+05
2.067600427462e-01    1.309909598135e+05
2.104195015686e-01    1.582533706225e+05
2.140789598142e-01    1.909935915149e+05
2.177384174728e-01    2.274069299438e+05
2.213978745346e-01    2.659295090885e+05
2.250573309893e-01    3.052185739931e+05
2.287167868270e-01    3.441338171904e+05
2.323762420377e-01    3.817196938609e+05
2.360356966114e-01    4.171887024048e+05
2.396951505379e-01    4.499056076774e+05
2.433546038073e-01    4.793725834792e+05
2.470140564095e-01    5.052152487707e+05
2.506735083345e-01    5.271695698888e+05
2.543329595723e-01    5.450695987532e+05
2.579924101128e-01    5.588360152883e+05
2.616518599460e-01    5.684654410884e+05
2.653113090618e-01    5.740204906713e+05
2.689707574503e-01    5.756205266677e+05
2.726302051014e-01    5.734330856912e+05
2.762896520051e-01    5.676659426082e+05
2.799490981513e-01    5.585597821139e+05
2.836085435300e-01    5.463814480662e+05
2.872679881312e-01    5.314177426577e+05
2.909274319448e-01    5.139697492725e+05
2.945868749609e-01    4.943476545903e+05
2.982463171693e-01    4.728660471964e+05
3.019057585600e-01    4.498396715089e+05
3.055651991231e-01    4.255796172485e+05
3.092246388484e-01    4.003899259127e+05
3.128840777260e-01    3.745645966838e+05
3.165435157457e-01    3.483849750581e+05
3.202029528977e-01    3.221175080108e+05
3.238623891718e-01    2.960118499080e+05
3.275218245580e-01    2.702993035394e+05
3.311812590463e-01    2.451915806030e+05
3.348406926267e-01    2.208798658431e+05
3.385001252890e-01    1.975341687191e+05
3.421595570234e-01    1.753029460978e+05
3.458189878197e-01    1.543129789928e+05
3.494784176679e-01    1.346694858819e+05
3.531378465580e-01    1.164564546205e+05
3.567972744799e-01    9.973717454829e+04
3.604567014237e-01    8.455494988276e+04
3.641161273792e-01    7.093397526792e+04
3.677755523366e-01    5.888035401644e+04
3.714349762856e-01    4.838323955312e+04
3.750943992163e-01    3.941608055599e+04
3.787538211187e-01    3.193795045936e+04
3.824132419827e-01    2.589494234185e+04
3.860726617983e-01    2.122161064659e+04
3.897320805555e-01    1.784244184496e+04
3.933914982441e-01    1.567333689138e+04
3.970509148543e-01    1.462308922622e+04
4.007103303760e-01    1.459484308517e+04
4.043697447990e-01    1.548751800534e+04
4.080291581135e-01    1.719718661327e+04
4.116885703093e-01    1.961839406568e+04
4.153479813765e-01    2.264540883570e+04
4.190073913050e-01    2.617339590720e+04
4.226668000847e-01    3.009950481127e+04
4.263262077057e-01    3.432386632286e+04
4.299856141578e-01    3.875049298702e+04
4.336450194312e-01    4.328807997437e+04
4.373044235157e-01    4.785070404689e+04
4.409638264012e-01    5.235841962166e+04
4.446232280779e-01    5.673775208954e+04
4.482826285356e-01    6.092208960552e+04
4.519420277643e-01    6.485197556181e+04
4.556014257540e-01    6.847530486269e+04
4.592608224946e-01    7.174742791004e+04
4.629202179761e-01    7.463116694777e+04
4.665796121886e-01    7.709675001304e+04
4.702390051218e-01    7.912166827692e+04
4.738983967659e-01    8.069046299003e+04
4.775577871107e-01    8.179444858594e+04
4.812171761463e-01    8.243137875751e+04
4.848765638626e-01    8.260506248869e+04
4.885359502496e-01    8.232493711963e+04
4.921953352973e-01    8.160560554112e+04
4.958547189956e-01    8.046634456249e+04
4.995141013344e-01    7.893059138195e+04
5.031734823038e-01    7.702541491181e+04
5.068328618937e-01    7.478097847991e+04
5.104922400942e-01    7.223000015078e+04
5.141516168950e-01    6.940721658047e+04
5.178109922863e-01    6.634885596329e+04
5.214703662580e-01    6.309212522139e+04
5.251297388001e-01    5.967471617061e+04
5.287891099025e-01    5.613433493794e+04
5.324484795551e-01    5.250825843941e+04
5.361078477481e-01    4.883292124664e+04
5.397672144712e-01    4.514353566803e+04
5.434265797146e-01    4.147374738613e+04
5.470859434681e-01    3.785532848272e+04
5.507453057218e-01    3.431790920120e+04
5.544046664655e-01    3.088874930917e+04
5.580640256894e-01    2.759254945046e+04
5.617233833832e-01    2.445130243555e+04
5.653827395371e-01    2.148418397558e+04
5.690420941409e-01    1.870748196971e+04
5.727014471847e-01    1.613456307445e+04
5.763607986584e-01    1.377587493417e+04
5.800201485519e-01    1.163898214595e+04
5.836794968553e-01    9.728633745806e+03
5.873388435585e-01    8.046859768134e+03
5.909981886515e-01    6.593094224623e+03
5.946575321243e-01    5.364321685457e+03
5.983168739667e-01    4.355244520843e+03
6.019762141688e-01    3.558467773994e+03
6.056355527206e-01    2.964698589876e+03
6.092948896120e-01    2.562957111916e+03
6.129542248330e-01    2.340795785139e+03
6.166135583735e-01    2.284524061764e+03
6.202728902235e-01    2.379435596086e+03
6.239322203730e-01    2.610035135564e+03
6.275915488120e-01    2.960262460256e+03
6.312508755304e-01    3.413710892810e+03
6.349102005182e-01    3.953838091506e+03
6.385695237654e-01    4.564167045711e+03
6.422288452618e-01    5.228475414964e+03
6.458881649976e-01    5.930971585007e+03
6.495474829627e-01    6.656456053676e+03
6.532067991469e-01    7.390467003549e+03
6.568661135404e-01    8.119409164009e+03
6.605254261330e-01    8.830665308077e+03
6.641847369147e-01    9.512689969593e+03
6.678440458756e-01    1.015508519761e+04
6.715033530055e-01    1.074865838772e+04
6.751626582945e-01    1.128546244164e+04
6.788219617324e-01    1.175881870320e+04
6.824812633094e-01    1.216332330232e+04
6.861405630152e-01    1.249483770395e+04
6.897998608400e-01    1.275046440787e+04
6.934591567736e-01    1.292850887503e+04
6.971184508061e-01    1.302842886699e+04
7.007777429274e-01    1.305077247653e+04
7.044370331275e-01    1.299710619924e+04
7.080963213963e-01    1.286993444810e+04
7.117556077239e-01    1.267261194637e+04
7.154148921001e-01    1.240925044842e+04
7.190741745150e-01    1.208462123441e+04
7.227334549585e-01    1.170405480443e+04
7.263927334205e-01    1.127333916046e+04
7.300520098912e-01    1.079861801321e+04
7.337112843603e-01    1.028629018538e+04
7.373705568180e-01    9.742911405078e+03
7.410298272540e-01    9.175099595003e+03
7.446890956586e-01    8.589444665059e+03
7.483483620215e-01    7.992423710503e+03
7.520076263327e-01    7.390322406396e+03
7.556668885823e-01    6.789163272565e+03
7.593261487602e-01    6.194641364572e+03
7.629854068564e-01    5.612067825296e+03
7.666446628608e-01    5.046321611727e+03
7.703039167634e-01    4.501809592494e+03
7.739631685541e-01    3.982435095746e+03
7.776224182230e-01    3.491574875705e+03
7.812816657600e-01    3.032064359845e+03
7.849409111551e-01    2.606190939042e+03
7.886001543982e-01    2.215694971022e+03
7.922593954793e-01    1.861778083478e+03
7.959186343884e-01    1.545118288526e+03
7.995778711155e-01    1.265891355069e+03
8.032371056504e-01    1.023797830258e+03
8.068963379833e-01    8.180950563942e+02
8.105555681039e-01    6.476334953497e+02
8.142147960024e-01    5.108966481465e+02
8.178740216687e-01    4.060438440201e+02
8.215332450927e-01    3.309551693377e+02
8.251924662645e-01    2.832778128370e+02
8.288516851739e-01    2.604731189653e+02
8.325109018110e-01    2.598636647593e+02
8.361701161657e-01    2.786797077016e+02
8.398293282281e-01    3.141043909380e+02
8.434885379879e-01    3.633171376948e+02
8.471477454353e-01    4.235347178279e+02
8.508069505602e-01    4.920495250501e+02
8.544661533526e-01    5.662646629087e+02
8.581253538024e-01    6.437254997979e+02
8.617845518996e-01    7.221474174818e+02
8.654437476341e-01    7.994395427572e+02
8.691029409960e-01    8.737243170220e+02
8.727621319752e-01    9.433528230539e+02
8.764213205617e-01    1.006915851008e+03
8.800805067454e-01    1.063250746172e+03
8.837396905164e-01    1.111444138348e+03
8.873988718645e-01    1.150830706411e+03
8.910580507797e-01    1.180988180944e+03
8.947172272521e-01    1.201728832456e+03
8.983764012715e-01    1.213087732116e+03
9.020355728280e-01    1.215308105794e+03
9.056947419115e-01    1.208824130408e+03
9.093539085120e-01    1.194241543727e+03
9.130130726195e-01    1.172316455078e+03
9.166722342239e-01    1.143932754604e+03
9.203313933151e-01    1.110078523065e+03
9.239905498833e-01    1.071821842736e+03
9.276497039182e-01    1.030286403042e+03
9.313088554100e-01    9.866272823158e+02
9.349680043485e-01    9.420072700376e+02
9.386271507237e-01    8.975740723344e+02
9.422862945257e-01    8.544387178713e+02
9.459454357443e-01    8.136554521768e+02
9.496045743696e-01    7.762033761770e+02
9.532637103914e-01    7.429700500480e+02
9.569228437999e-01    7.147372468819e+02
9.605819745848e-01    6.921690026121e+02
9.642411027363e-01    6.758020698522e+02
9.679002282443e-01    6.660388442329e+02
9.715593510987e-01    6.631427930188e+02
9.752184712895e-01    6.672363778713e+02
9.788775888067e-01    6.783014269266e+02
9.825367036403e-01    6.961818765260e+02
9.861958157802e-01    7.205887702495e+02
9.898549252163e-01    7.511073728437e+02
9.935140319387e-01    7.872062294654e+02
9.971731359374e-01    8.282479767412e+02
1.000832237202e+00    8.735016916516e+02
1.004491335723e+00    9.221565474021e+02
1.008150431490e+00    9.733365323466e+02
1.011809524494e+00    1.026115978794e+03
1.015468614723e+00    1.079535643117e+03
1.019127702168e+00    1.132619077029e+03
1.022786786820e+00    1.184389032066e+03
1.026445868667e+00    1.233883645075e+03
1.030104947700e+00    1.280172161763e+03
1.033764023909e+00    1.322369967732e+03
1.037423097284e+00    1.359652711876e+03
1.041082167815e+00    1.391269325009e+03
1.044741235492e+00    1.416553757038e+03
1.048400300304e+00    1.434935278384e+03
1.052059362243e+00    1.445947215418e+03
1.055718421297e+00    1.449234015039e+03
1.059377477456e+00    1.444556559717e+03
1.063036530711e+00    1.431795681122e+03
1.066695581052e+00    1.410953847317e+03
1.070354628469e+00    1.382155025153e+03
1.074013672951e+00    1.345642745582e+03
1.077672714489e+00    1.301776424679e+03
1.081331753072e+00    1.251026017083e+03
1.084990788690e+00    1.193965100818e+03
1.088649821334e+00    1.131262512952e+03
1.092308850994e+00    1.063672673997e+03
1.095967877658e+00    9.920247550211e+02
1.099626901319e+00    9.172108552195e+02
1.103285921964e+00    8.401733687712e+02
1.106944939585e+00    7.618917282922e+02
1.110603954171e+00    6.833687178889e+02
1.114262965712e+00    6.056165518295e+02
1.117921974198e+00    5.296429150361e+02
1.121580979620e+00    4.564371592174e+02
1.125239981966e+00    3.869568433515e+02
1.128898981228e+00    3.221147997527e+02
1.132557977395e+00    2.627668970800e+02
1.136216970457e+00    2.097006596466e+02
1.139875960404e+00    1.636248884413e+02
1.143534947225e+00    1.251604135874e+02
1.147193930912e+00    9.483209080001e+01
1.150852911454e+00    7.306213603142e+01
1.154511888840e+00    6.016487312447e+01
1.158170863061e+00    5.634294929880e+01
1.161829834108e+00    6.168505284059e+01
1.165488801969e+00    7.616514682251e+01
1.169147766634e+00    9.964321230030e+01
1.172806728095e+00    1.318674744122e+02
1.176465686340e+00    1.724780655687e+02
1.180124641359e+00    2.210120614704e+02
1.183783593144e+00    2.769098085206e+02
1.187442541683e+00    3.395224452877e+02
1.191101486966e+00    4.081205063340e+02
1.194760428984e+00    4.819034841400e+02
1.198419367727e+00    5.600102139590e+02
1.202078303184e+00    6.415299377142e+02
1.205737235345e+00    7.255138960892e+02
1.209396164201e+00    8.109872933553e+02
1.213055089741e+00    8.969614767248e+02
1.216714011955e+00    9.824461715849e+02
1.220372930834e+00    1.066461615442e+03
1.224031846367e+00    1.148050437013e+03
1.227690758545e+00    1.226289132365e+03
1.231349667356e+00    1.300298997327e+03
1.235008572792e+00    1.369256384479e+03
1.238667474842e+00    1.432402163501e+03
1.242326373496e+00    1.489050275743e+03
1.245985268744e+00    1.538595286970e+03
1.249644160576e+00    1.580518856497e+03
1.253303048983e+00    1.614395055912e+03
1.256961933953e+00    1.639894486223e+03
1.260620815477e+00    1.656787158270e+03
1.264279693545e+00    1.664944117500e+03
1.267938568147e+00    1.664337810321e+03
1.271597439273e+00    1.655041205253e+03
1.275256306913e+00    1.637225697582e+03
1.278915171056e+00    1.611157841110e+03
1.282574031694e+00    1.577194964709e+03
1.286232888815e+00    1.535779744471e+03
1.289891742410e+00    1.487433814261e+03
1.293550592468e+00    1.432750508229e+03
1.297209438980e+00    1.372386838199e+03
1.300868281936e+00    1.307054816797e+03
1.304527121325e+00    1.237512243514e+03
1.308185957138e+00    1.164553075746e+03
1.311844789365e+00    1.088997509989e+03
1.315503617995e+00    1.011681899877e+03
1.319162443018e+00    9.334486377246e+02
1.322821264425e+00    8.551361244918e+02
1.326480082205e+00    7.775689498957e+02
1.330138896349e+00    7.015483996737e+02
1.333797706846e+00    6.278434009348e+02
1.337456513686e+00    5.571820091427e+02
1.341115316860e+00    4.902435317324e+02
1.344774116357e+00    4.276513737881e+02
1.348432912167e+00    3.699666807119e+02
1.352091704280e+00    3.176828416086e+02
1.355750492687e+00    2.712209052424e+02
1.359409277376e+00    2.309259482080e+02
1.363068058339e+00    1.970644223877e+02
1.366726835565e+00    1.698224961531e+02
1.370385609044e+00    1.493053911909e+02
1.374044378766e+00    1.355377044355e+02
1.377703144720e+00    1.284646926238e+02
1.381361906898e+00    1.279544854618e+02
1.385020665289e+00    1.338011825646e+02
1.388679419882e+00    1.457287792487e+02
1.392338170669e+00    1.633958570540e+02
1.395996917638e+00    1.864009666721e+02
1.399655660780e+00    2.142886237955e+02
1.403314400085e+00    2.465558324059e+02
1.406973135542e+00    2.826590451933e+02
1.410631867143e+00    3.220214672005e+02
1.414290594876e+00    3.640406064404e+02
1.417949318731e+00    4.080959741515e+02
1.421608038699e+00    4.535568374871e+02
1.425266754770e+00    4.997899288062e+02
1.428925466933e+00    5.461670182686e+02
1.432584175179e+00    5.920722600719e+02
1.436242879497e+00    6.369092273923e+02
1.439901579878e+00    6.801075567265e+02
1.443560276311e+00    7.211291288860e+02
1.447218968787e+00    7.594737212108e+02
1.450877657295e+00    7.946840735339e+02
1.454536341825e+00    8.263503189673e+02
1.458195022368e+00    8.541137395316e+02
1.461853698913e+00    8.776698159335e+02
1.465512371450e+00    8.967705502247e+02
1.469171039969e+00    9.112260496135e+02
1.472829704461e+00    9.209053691373e+02
1.476488364914e+00    9.257366201831e+02
1.480147021320e+00    9.257063608316e+02
1.483805673668e+00    9.208582925686e+02
1.487464321948e+00    9.112912960008e+02
1.491122966150e+00    8.971568456924e+02
1.494781606264e+00    8.786558510653e+02
1.498440242280e+00    8.560349763580e+02
1.502098874188e+00    8.295824979240e+02
1.505757501978e+00    7.996237615339e+02
1.509416125639e+00    7.665163058739e+02
1.513074745163e+00    7.306447210322e+02
1.516733360538e+00    6.924153124083e+02
1.520391971755e+00    6.522506412513e+02
1.524050578804e+00    6.105840128104e+02
1.527709181675e+00    5.678539820276e+02
1.531367780357e+00    5.244989447372e+02
1.535026374841e+00    4.809518795934e+02
1.538684965117e+00    4.376353024062e+02
1.542343551174e+00    3.949564903358e+02
1.546002133003e+00    3.533030285496e+02
1.549660710593e+00    3.130387265068e+02
1.553319283935e+00    2.744999451654e+02
1.556977853019e+00    2.379923701281e+02
1.560636417834e+00    2.037882591581e+02
1.564294978370e+00    1.721241857360e+02
1.567953534617e+00    1.431992934317e+02
1.571612086566e+00    1.171740689482e+02
1.575270634207e+00    9.416963487090e+01
1.578929177529e+00    7.426755644902e+01
1.582587716521e+00    5.751015029641e+01
1.586246251176e+00    4.390127677684e+01
1.589904781481e+00    3.340759208291e+01
1.593563307428e+00    2.596023073938e+01
1.597221829005e+00    2.145688449068e+01
1.600880346204e+00    1.976423931024e+01
1.604538859014e+00    2.072072867720e+01
1.608197367425e+00    2.413955828449e+01
1.611855871427e+00    2.981195504470e+01
1.615514371010e+00    3.751059162259e+01
1.619172866164e+00    4.699313677298e+01
1.622831356879e+00    5.800588149303e+01
1.626489843145e+00    7.028739138047e+01
1.630148324952e+00    8.357213663642e+01
1.633806802290e+00    9.759405278420e+01
1.637465275148e+00    1.120899874159e+02
1.641123743518e+00    1.268029910328e+02
1.644782207388e+00    1.414854132866e+02
1.648440666748e+00    1.559017696201e+02
1.652099121590e+00    1.698313473290e+02
1.655757571902e+00    1.830705244438e+02
1.659416017675e+00    1.954347794138e+02
1.663074458898e+00    2.067603743497e+02
1.666732895562e+00    2.169056994676e+02
1.670391327657e+00    2.257522712859e+02
1.674049755172e+00    2.332053820253e+02
1.677708178098e+00    2.391944024581e+02
1.681366596424e+00    2.436727450951e+02
1.685025010140e+00    2.466174990293e+02
1.688683419237e+00    2.480287519167e+02
1.692341823704e+00    2.479286184151e+02
1.696000223532e+00    2.463599978842e+02
1.699658618710e+00    2.433850872264e+02
1.703317009228e+00    2.390836773932e+02
1.706975395077e+00    2.335512642673e+02
1.710633776245e+00    2.268970063382e+02
1.714292152724e+00    2.192415628055e+02
1.717950524503e+00    2.107148464639e+02
1.721608891573e+00    2.014537259558e+02
1.725267253922e+00    1.915997117145e+02
1.728925611541e+00    1.812966591977e+02
1.732583964421e+00    1.706885218308e+02
1.736242312550e+00    1.599171844784e+02
1.739900655920e+00    1.491204062742e+02
1.743558994519e+00    1.384298992881e+02
1.747217328339e+00    1.279695668527e+02
1.750875657368e+00    1.178539224396e+02
1.754533981597e+00    1.081867068191e+02
1.758192301016e+00    9.905971791316e+01
1.761850615615e+00    9.055186429427e+01
1.765508925384e+00    8.272844975893e+01
1.769167230312e+00    7.564069285562e+01
1.772825530390e+00    6.932548172608e+01
1.776483825608e+00    6.380536117462e+01
1.780142115956e+00    5.908874555976e+01
1.783800401423e+00    5.517034794782e+01
1.787458682000e+00    5.203181302448e+01
1.791116957676e+00    4.964253855837e+01
1.794775228442e+00    4.796066779087e+01
1.798433494287e+00    4.693423301078e+01
1.802091755202e+00    4.650242878891e+01
1.805750011176e+00    4.659699191294e+01
1.809408262200e+00    4.714366399080e+01
1.813066508263e+00    4.806371198931e+01
1.816724749356e+00    4.927548164726e+01
1.820382985468e+00    5.069595874501e+01
1.824041216589e+00    5.224231361908e+01
1.827699442709e+00    5.383340506710e+01
1.831357663819e+00    5.539122087920e+01
1.835015879908e+00    5.684223363358e+01
1.838674090966e+00    5.811865208200e+01
1.842332296984e+00    5.915955039668e+01
1.845990497950e+00    5.991185971838e+01
1.849648693856e+00    6.033120880489e+01
1.853306884691e+00    6.038260309145e+01
1.856965070444e+00    6.004093409868e+01
1.860623251107e+00    5.929131382577e+01
1.864281426669e+00    5.812923150012e+01
1.867939597120e+00    5.656053278585e+01
1.871597762449e+00    5.460122423896e+01
1.875255922648e+00    5.227710840144e+01
1.878914077705e+00    4.962325741350e+01
1.882572227612e+00    4.668333535692e+01
1.886230372357e+00    4.350878169641e+01
1.889888511931e+00    4.015787012450e+01
1.893546646323e+00    3.669465882347e+01
1.897204775525e+00    3.318784960460e+01
1.900862899525e+00    2.970957456012e+01
1.904521018314e+00    2.633412975221e+01
1.908179131881e+00    2.313667605239e+01
1.911837240217e+00    2.019192753942e+01
1.915495343312e+00    1.757284785130e+01
1.919153441155e+00    1.534937458269e+01
1.922811533737e+00    1.358719122375e+01
1.926469621047e+00    1.234656526348e+01
1.930127703076e+00    1.168126994964e+01
1.933785779813e+00    1.163760582115e+01
1.937443851249e+00    1.225353653523e+01
1.941101917373e+00    1.355795172315e+01
1.944759978175e+00    1.557006765176e+01
1.948418033646e+00    1.829897437637e+01
1.952076083775e+00    2.174333587057e+01
1.955734128552e+00    2.589124734444e+01
1.959392167967e+00    3.072025165050e+01
1.963050202011e+00    3.619751435074e+01
1.966708230673e+00    4.228015472385e+01
1.970366253943e+00    4.891572774724e+01
1.974024271811e+00    5.604284993704e+01
1.977682284268e+00    6.359195989342e+01
1.981340291302e+00    7.148620250448e+01
1.984998292904e+00    7.964242404329e+01
1.988656289065e+00    8.797226385958e+01
1.992314279773e+00    9.638332705290e+01
1.995972265020e+00    1.047804214234e+02
1.999630244794e+00    1.130668411476e+02
2.003288219086e+00    1.211456790326e+02
2.006946187886e+00    1.289211488598e+02
2.010604151184e+00    1.362998992536e+02
2.014262108970e+00    1.431923006885e+02
2.017920061233e+00    1.495136876814e+02
2.021578007964e+00    1.551855388983e+02
2.025235949153e+00    1.601365788186e+02
2.028893884790e+00    1.643037857355e+02
2.032551814864e+00    1.676332922112e+02
2.036209739366e+00    1.700811656263e+02
2.039867658286e+00    1.716140581450e+02
2.043525571613e+00    1.722097172403e+02
2.047183479338e+00    1.718573498479e+02
2.050841381450e+00    1.705578352374e+02
2.054499277940e+00    1.683237837541e+02
2.058157168797e+00    1.651794406832e+02
2.061815054012e+00    1.611604365822e+02
2.065472933574e+00    1.563133874921e+02
2.069130807474e+00    1.506953504451e+02
2.072788675701e+00    1.443731416087e+02
2.076446538245e+00    1.374225262200e+02
2.080104395096e+00    1.299272911424e+02
2.083762246245e+00    1.219782124040e+02
2.087420091681e+00    1.136719314243e+02
2.091077931394e+00    1.051097548000e+02
2.094735765375e+00    9.639639347091e+01
2.098393593612e+00    8.763865782919e+01
2.102051416097e+00    7.894412584749e+01
2.105709232819e+00    7.041980158359e+01
2.109367043768e+00    6.217078147745e+01
2.113024848934e+00    5.429894567095e+01
2.116682648307e+00    4.690169118266e+01
2.120340441877e+00    4.007072314168e+01
2.123998229634e+00    3.389091945180e+01
2.127656011568e+00    2.843928322903e+01
2.131313787669e+00    2.378399613930e+01
2.134971557926e+00    1.998358439223e+01
2.138629322331e+00    1.708620762055e+01
2.142287080872e+00    1.512907923474e+01
2.145944833540e+00    1.413802509401e+01
2.149602580325e+00    1.412718551336e+01
2.153260321217e+00    1.509886375189e+01
2.156918056205e+00    1.704352222308e+01
2.160575785281e+00    1.993992576507e+01
2.164233508432e+00    2.375542942407e+01
2.167891225651e+00    2.844640637064e+01
2.171548936926e+00    3.395880980285e+01
2.175206642247e+00    4.022886101791e+01
2.178864341605e+00    4.718385427889e+01
2.182522034990e+00    5.474306767402e+01
2.186179722391e+00    6.281876789862e+01
2.189837403799e+00    7.131729577631e+01
2.193495079203e+00    8.014021841123e+01
2.197152748593e+00    8.918553312212e+01
2.200810411960e+00    9.834890776563e+01
2.204468069293e+00    1.075249417189e+02
2.208125720583e+00    1.166084316538e+02
2.211783365818e+00    1.254956263048e+02
2.215441004990e+00    1.340854547062e+02
2.219098638089e+00    1.422807128381e+02
2.222756265103e+00    1.499891942785e+02
2.226413886024e+00    1.571247512936e+02
2.230071500841e+00    1.636082737950e+02
2.233729109544e+00    1.693685747442e+02
2.237386712123e+00    1.743431718691e+02
2.241044308568e+00    1.784789569581e+02
2.244701898869e+00    1.817327454961e+02
2.248359483016e+00    1.840717009814e+02
2.252017061000e+00    1.854736298941e+02
2.255674632809e+00    1.859271449516e+02
2.259332198434e+00    1.854316959655e+02
2.262989757865e+00    1.839974692815e+02
2.266647311092e+00    1.816451584236e+02
2.270304858105e+00    1.784056101485e+02
2.273962398894e+00    1.743193516337e+02
2.277619933448e+00    1.694360059481e+02
2.281277461758e+00    1.638136042714e+02
2.284934983814e+00    1.575178045269e+02
2.288592499606e+00    1.506210271499e+02
2.292250009123e+00    1.432015196256e+02
2.295907512356e+00    1.353423621831e+02
2.299565009295e+00    1.271304276167e+02
2.303222499929e+00    1.186553086216e+02
2.306879984249e+00    1.100082262692e+02
2.310537462244e+00    1.012809333113e+02
2.314194933905e+00    9.256462589035e+01
2.317852399222e+00    8.394887695278e+01
2.321509858184e+00    7.552060421342e+01
2.325167310781e+00    6.736308491488e+01
2.328824757004e+00    5.955502887591e+01
2.332482196842e+00    5.216972043175e+01
2.336139630286e+00    4.527423886351e+01
2.339797057325e+00    3.892876578996e+01
2.343454477949e+00    3.318598678834e+01
2.347111892149e+00    2.809059322335e+01
2.350769299913e+00    2.367888891787e+01
2.354426701233e+00    1.997850491717e+01
2.358084096099e+00    1.700822419079e+01
2.361741484499e+00    1.477791670773e+01
2.365398866424e+00    1.328858392837e+01
2.369056241865e+00    1.253251039285e+01
2.372713610811e+00    1.249351877635e+01
2.376370973252e+00    1.314732353557e+01
2.380028329178e+00    1.446197710569e+01
2.383685678579e+00    1.639840153912e+01
2.387343021444e+00    1.891099751298e+01
2.391000357765e+00    2.194832179047e+01
2.394657687531e+00    2.545382350189e+01
2.398315010732e+00    2.936662903027e+01
2.401972327357e+00    3.362236484372e+01
2.405629637398e+00    3.815400731712e+01
2.409286940843e+00    4.289274843378e+01
2.412944237683e+00    4.776886624728e+01
2.416601527908e+00    5.271258912005e+01
2.420258811508e+00    5.765494302630e+01
2.423916088472e+00    6.252857161672e+01
2.427573358791e+00    6.726851927004e+01
2.431230622455e+00    7.181296801024e+01
2.434887879453e+00    7.610391992031e+01
2.438545129776e+00    8.008781753563e+01
2.442202373413e+00    8.371609563365e+01
2.445859610356e+00    8.694565883609e+01
2.449516840592e+00    8.973928049903e+01
2.453174064113e+00    9.206591946041e+01
2.456831280909e+00    9.390095233773e+01
2.460488490969e+00    9.522632019860e+01
2.464145694284e+00    9.603058955411e+01
2.467802890842e+00    9.630892873073e+01
2.471460080636e+00    9.606300174943e+01
2.475117263653e+00    9.530078286560e+01
2.478774439885e+00    9.403629588839e+01
2.482431609322e+00    9.228928329145e+01
2.486088771952e+00    9.008481093752e+01
2.489745927767e+00    8.745281495955e+01
2.493403076756e+00    8.442759795934e+01
2.497060218909e+00    8.104728220072e+01
2.500717354217e+00    7.735322787500e+01
2.504374482668e+00    7.338942480686e+01
2.508031604254e+00    6.920186614080e+01
2.511688718964e+00    6.483791260363e+01
2.515345826787e+00    6.034565588197e+01
2.519002927715e+00    5.577328947964e+01
2.522660021737e+00    5.116849514316e+01
2.526317108843e+00    4.657785256141e+01
2.529974189023e+00    4.204627956822e+01
2.533631262266e+00    3.761650951412e+01
2.537288328564e+00    3.332861182935e+01
2.540945387905e+00    2.921956109185e+01
2.544602440281e+00    2.532285914493e+01
2.548259485680e+00    2.166821399623e+01
2.551916524093e+00    1.828127838165e+01
2.555573555510e+00    1.518345000774e+01
2.559230579920e+00    1.239173460647e+01
2.562887597314e+00    9.918672057958e+00
2.566544607682e+00    7.772324973587e+00
2.570201611014e+00    5.956328293063e+00
2.573858607299e+00    4.469997647577e+00
2.577515596528e+00    3.308493485742e+00
2.581172578691e+00    2.463037260455e+00
2.584829553777e+00    1.921175340389e+00
2.588486521776e+00    1.667085747996e+00
2.592143482679e+00    1.681922342659e+00
2.595800436476e+00    1.944190668418e+00
2.599457383156e+00    2.430149374178e+00
2.603114322709e+00    3.114230893710e+00
2.606771255126e+00    3.969474943964e+00
2.610428180397e+00    4.967968363843e+00
2.614085098510e+00    6.081284870408e+00
2.617742009457e+00    7.280918452798e+00
2.621398913228e+00    8.538704352935e+00
2.625055809811e+00    9.827221891481e+00
2.628712699198e+00    1.112017378128e+01
2.632369581378e+00    1.239273702335e+01
2.636026456341e+00    1.362188099336e+01
2.639683324078e+00    1.478664889184e+01
2.643340184578e+00    1.586839934158e+01
2.646997037830e+00    1.685100555804e+01
2.650653883826e+00    1.772101018868e+01
2.654310722555e+00    1.846773459943e+01
2.657967554007e+00    1.908334207569e+01
2.661624378172e+00    1.956285508924e+01
2.665281195040e+00    1.990412745166e+01
2.668938004601e+00    2.010777282143e+01
2.672594806845e+00    2.017705164519e+01
2.676251601762e+00    2.011771918723e+01
2.679908389342e+00    1.993783782610e+01
2.683565169575e+00    1.964755726800e+01
2.687221942450e+00    1.925886673589e+01
2.690878707959e+00    1.878532353796e+01
2.694535466090e+00    1.824176269297e+01
2.698192216834e+00    1.764399249289e+01
2.701848960181e+00    1.700848101062e+01
2.705505696120e+00    1.635203861345e+01
2.709162424642e+00    1.569150152111e+01
2.712819145737e+00    1.504342135153e+01
2.716475859394e+00    1.442376543115e+01
2.720132565605e+00    1.384763241228e+01
2.723789264357e+00    1.332898744219e+01
2.727445955643e+00    1.288042077266e+01
2.731102639450e+00    1.251293328992e+01
2.734759315771e+00    1.223575199045e+01
2.738415984594e+00    1.205617793446e+01
2.742072645909e+00    1.197946868421e+01
2.745729299707e+00    1.200875668619e+01
2.749385945977e+00    1.214500449280e+01
2.753042584710e+00    1.238699714888e+01
2.756699215895e+00    1.273137150000e+01
2.760355839522e+00    1.317268161970e+01
2.764012455582e+00    1.370349901179e+01
2.767669064064e+00    1.431454572689e+01
2.771325664958e+00    1.499485804899e+01
2.774982258254e+00    1.573197796234e+01
2.778638843943e+00    1.651216920947e+01
2.782295422014e+00    1.732065440175e+01
2.785951992457e+00    1.814186934942e+01
2.789608555262e+00    1.895973054274e+01
2.793265110420e+00    1.975791154168e+01
2.796921657919e+00    2.052012392168e+01
2.800578197751e+00    2.123039837710e+01
2.804234729905e+00    2.187336160364e+01
2.807891254370e+00    2.243450466390e+01
2.811547771138e+00    2.290043868656e+01
2.815204280198e+00    2.325913395441e+01
2.818860781539e+00    2.350013869906e+01
2.822517275153e+00    2.361477423419e+01
2.826173761028e+00    2.359630342041e+01
2.829830239156e+00    2.344006985926e+01
2.833486709525e+00    2.314360565246e+01
2.837143172126e+00    2.270670603202e+01
2.840799626949e+00    2.213146965801e+01
2.844456073983e+00    2.142230388759e+01
2.848112513220e+00    2.058589483399e+01
2.851768944648e+00    1.963114254951e+01
2.855425368258e+00    1.856906217603e+01
2.859081784039e+00    1.741265240155e+01
2.862738191983e+00    1.617673303596e+01
2.866394592078e+00    1.487775396656e+01
2.870050984314e+00    1.353357816739e+01
2.873707368682e+00    1.216324181128e+01
2.877363745172e+00    1.078669486362e+01
2.881020113773e+00    9.424525818234e+00
2.884676474476e+00    8.097674465104e+00
2.888332827270e+00    6.827136753135e+00
2.891989172145e+00    5.633665926799e+00
2.895645509093e+00    4.537474172948e+00
2.899301838101e+00    3.557939010405e+00
2.902958159161e+00    2.713318593703e+00
2.906614472262e+00    2.020479981301e+00
2.910270777395e+00    1.494644242050e+00
2.913927074549e+00    1.149152043155e+00
2.917583363714e+00    9.952530819213e-01
2.921239644881e+00    1.041922396611e+00
2.924895918039e+00    1.295706222868e+00
2.928552183178e+00    1.760599657175e+00
2.932208440288e+00    2.437957953043e+00
2.935864689359e+00    3.326442815331e+00
2.939520930382e+00    4.422004579667e+00
2.943177163346e+00    5.717900673912e+00
2.946833388241e+00    7.204750263734e+00
2.950489605057e+00    8.870624491864e+00
2.954145813784e+00    1.070117123603e+01
2.957802014412e+00    1.267977284214e+01
2.961458206931e+00    1.478773484203e+01
2.965114391331e+00    1.700450324521e+01
2.968770567602e+00    1.930790760799e+01
2.972426735734e+00    2.167442673544e+01
2.976082895717e+00    2.407947356573e+01
2.979739047541e+00    2.649769552967e+01
2.983395191195e+00    2.890328646881e+01
2.987051326671e+00    3.127030604121e+01
2.990707453957e+00    3.357300244391e+01
2.994363573044e+00    3.578613423594e+01
2.998019683922e+00    3.788528705829e+01
3.001675786581e+00    3.984718111549e+01
3.005331881011e+00    4.164996540512e+01
3.008987967201e+00    4.327349485909e+01
3.012644045142e+00    4.469958678524e+01
3.016300114823e+00    4.591225327270e+01
3.019956176235e+00    4.689790654081e+01
3.023612229368e+00    4.764553456796e+01
3.027268274211e+00    4.814684472690e+01
3.030924310755e+00    4.839637357231e+01
3.034580338990e+00    4.839156136913e+01
3.038236358905e+00    4.813279040953e+01
3.041892370490e+00    4.762338663745e+01
3.045548373736e+00    4.686958457528e+01
3.049204368633e+00    4.588045602129e+01
3.052860355170e+00    4.466780345330e+01
3.056516333337e+00    4.324601952633e+01
3.060172303125e+00    4.163191448528e+01
3.063828264523e+00    3.984451372133e+01
3.067484217521e+00    3.790482807806e+01
3.071140162110e+00    3.583559985459e+01
3.074796098279e+00    3.366102775643e+01
3.078452026018e+00    3.140647430217e+01
3.082107945318e+00    2.909815940756e+01
3.085763856167e+00    2.676284403130e+01
3.089419758557e+00    2.442750787886e+01
3.093075652477e+00    2.211902522175e+01
3.096731537918e+00    1.986384289593e+01
3.100387414868e+00    1.768766449910e+01
3.104043283319e+00    1.561514470962e+01
3.107699143259e+00    1.366959750378e+01
3.111354994680e+00    1.187272185351e+01
3.115010837571e+00    1.024434824752e+01
3.118666671922e+00    8.802209098467e+00
3.122322497722e+00    7.561735779453e+00
3.125978314963e+00    6.535884682473e+00
3.129634123634e+00    5.734994310057e+00
3.133289923724e+00    5.166675008372e+00
3.136945715225e+00    4.835732528006e+00
3.140601498125e+00    4.744126164508e+00
3.144257272416e+00    4.890961789817e+00
3.147913038086e+00    5.272519643914e+00
3.151568795126e+00    5.882316318724e+00
3.155224543525e+00    6.711199939492e+00
3.158880283275e+00    7.747477137938e+00
3.162536014364e+00    8.977070021171e+00
3.166191736783e+00    1.038370097651e+01
3.169847450522e+00    1.194910281804e+01
3.173503155570e+00    1.365325148175e+01
3.177158851918e+00    1.547461821411e+01
3.180814539556e+00    1.739043797921e+01
3.184470218473e+00    1.937699063218e+01
3.188125888660e+00    2.140989127562e+01
3.191781550106e+00    2.346438613109e+01
3.195437202802e+00    2.551565022070e+01
3.199092846738e+00    2.753908316411e+01
3.202748481903e+00    2.951059945395e+01
3.206404108287e+00    3.140690967570e+01
3.210059725881e+00    3.320578928527e+01
3.213715334675e+00    3.488633174692e+01
3.217370934658e+00    3.642918306165e+01
3.221026525820e+00    3.781675498015e+01
3.224682108151e+00    3.903341448962e+01
3.228337681642e+00    4.006564748709e+01
3.231993246283e+00    4.090219489831e+01
3.235648802062e+00    4.153415986654e+01
3.239304348971e+00    4.195508501413e+01
3.242959886999e+00    4.216099916778e+01
3.246615416137e+00    4.215043332895e+01
3.250270936373e+00    4.192440606108e+01
3.253926447699e+00    4.148637884794e+01
3.257581950104e+00    4.084218234961e+01
3.261237443578e+00    3.999991483806e+01
3.264892928111e+00    3.896981442958e+01
3.268548403694e+00    3.776410704213e+01
3.272203870315e+00    3.639683228767e+01
3.275859327966e+00    3.488364976078e+01
3.279514776635e+00    3.324162840044e+01
3.283170216314e+00    3.148902178134e+01
3.286825646991e+00    2.964503233163e+01
3.290481068658e+00    2.772956757389e+01
3.294136481304e+00    2.576299154550e+01
3.297791884918e+00    2.376587457247e+01
3.301447279491e+00    2.175874454763e+01
3.305102665014e+00    1.976184280071e+01
3.308758041475e+00    1.779488754584e+01
3.312413408865e+00    1.587684775212e+01
3.316068767174e+00    1.402573010968e+01
3.319724116391e+00    1.225838155635e+01
3.323379456508e+00    1.059030959566e+01
3.327034787513e+00    9.035522375772e+00
3.330690109397e+00    7.606390216025e+00
3.334345422150e+00    6.313529967984e+00
3.338000725761e+00    5.165713282857e+00
3.341656020221e+00    4.169799534298e+00
3.345311305520e+00    3.330693816510e+00
3.348966581647e+00    2.651330108487e+00
3.352621848593e+00    2.132679369653e+00
3.356277106348e+00    1.773782014318e+00
3.359932354901e+00    1.571803906707e+00
3.363587594243e+00    1.522114728337e+00
3.367242824363e+00    1.618387299069e+00
3.370898045251e+00    1.852716185262e+00
3.374553256899e+00    2.215753706406e+00
3.378208459294e+00    2.696861257698e+00
3.381863652429e+00    3.284273702463e+00
3.385518836291e+00    3.965274457090e+00
3.389174010872e+00    4.726378793105e+00
3.392829176162e+00    5.553522817239e+00
3.396484332149e+00    6.432255561494e+00
3.400139478825e+00    7.347931620105e+00
3.403794616180e+00    8.285901809994e+00
3.407449744203e+00    9.231699403042e+00
3.411104862884e+00    1.017121958227e+01
3.414759972213e+00    1.109088990703e+01
3.418415072180e+00    1.197782973283e+01
3.422070162776e+00    1.281999671656e+01
3.425725243990e+00    1.360631874531e+01
3.429380315812e+00    1.432680985285e+01
3.433035378232e+00    1.497266892943e+01
3.436690431241e+00    1.553636028410e+01
3.440345474827e+00    1.601167538088e+01
3.444000508982e+00    1.639377533663e+01
3.447655533695e+00    1.667921403635e+01
3.451310548955e+00    1.686594198690e+01
3.454965554754e+00    1.695329128907e+01
3.458620551081e+00    1.694194235759e+01
3.462275537926e+00    1.683387325509e+01
3.465930515279e+00    1.663229272706e+01
3.469585483129e+00    1.634155822680e+01
3.473240441468e+00    1.596708040067e+01
3.476895390285e+00    1.551521566128e+01
3.480550329569e+00    1.499314860940e+01
3.484205259311e+00    1.440876617116e+01
3.487860179502e+00    1.377052539559e+01
3.491515090130e+00    1.308731690805e+01
3.495169991185e+00    1.236832603662e+01
3.498824882659e+00    1.162289362160e+01
3.502479764540e+00    1.086037848402e+01
3.506134636820e+00    1.009002346697e+01
3.509789499487e+00    9.320826876569e+00
3.513444352531e+00    8.561421037337e+00
3.517099195943e+00    7.819959543200e+00
3.520754029713e+00    7.104014631398e+00
3.524408853831e+00    6.420485934781e+00
3.528063668286e+00    5.775521681776e+00
3.531718473069e+00    5.174453214315e+00
3.535373268170e+00    4.621743486356e+00
3.539028053578e+00    4.120949991503e+00
3.542682829283e+00    3.674702351253e+00
3.546337595276e+00    3.284694578384e+00
3.549992351547e+00    2.951691816178e+00
3.553647098085e+00    2.675551146368e+00
3.557301834881e+00    2.455255860063e+00
3.560956561924e+00    2.288962398637e+00
3.564611279204e+00    2.174058998794e+00
3.568265986712e+00    2.107234919478e+00
3.571920684438e+00    2.084558990265e+00
3.575575372370e+00    2.101566103143e+00
3.579230050500e+00    2.153350173330e+00
3.582884718818e+00    2.234662021389e+00
3.586539377313e+00    2.340010578931e+00
3.590194025975e+00    2.463765794249e+00
3.593848664794e+00    2.600261612245e+00
3.597503293760e+00    2.743897424869e+00
3.601157912864e+00    2.889236433341e+00
3.604812522095e+00    3.031099430754e+00
3.608467121443e+00    3.164652602098e+00
3.612121710899e+00    3.285488046755e+00
3.615776290451e+00    3.389695854364e+00
3.619430860091e+00    3.473926706620e+00
3.623085419808e+00    3.535444132854e+00
3.626739969592e+00    3.572165713815e+00
3.630394509433e+00    3.582692703327e+00
3.634049039321e+00    3.566327718918e+00
3.637703559246e+00    3.523080337345e+00
3.641358069198e+00    3.453660616580e+00
3.645012569167e+00    3.359460749417e+00
3.648667059144e+00    3.242525232958e+00
3.652321539117e+00    3.105510110177e+00
3.655976009077e+00    2.951632002080e+00
